14.150503703317268
12.855982076564771
12.001787724966228
15.287472520450834
13.779529182522136
12.932658656124485
13.95082652038991
12.044238857617255
14.093065352768184
12.420417883212755
14.071209114880851
16.539717930244286
13.912835927613092
12.49713770364605
14.408062240330324
13.23775912546554
13.281069627311831
16.070960470239037
12.393248451199506
12.780646830531879
11.887532095291874
14.588536768527582
12.27038226290686
12.805740807676488
14.349376615140669
11.982702243939668
14.513619264007712
11.909319309697333
11.375671728373684
13.543940154335932
12.846003040073121
12.155821928533443
11.985534821473244
16.06938219683878
15.205513697745891
13.185672886087486
12.72855977522811
11.007525855020262
11.45887846698107
16.88298149257485
12.710185730468323
15.006287244975898
12.036987271676516
15.763300476745927
11.505061337509442
11.895171613715512
13.283086590440092
12.799054419251558
12.99976805222252
11.420239974771587
11.552169867647192
14.744122817651062
12.226674782763672
11.969962205957689
11.367415290093604
12.856884408208305
16.964894313831763
17.586942315473003
17.38410913187977
11.890136663548128
13.72499609162152
13.6958048661984
12.854356295143644
16.046841145287207
16.2792665125073
11.409925428632908
12.053288757931643
12.29176405500592
14.48202213865186
13.776510420794827
12.598988577148894
15.596851060867253
12.007654712351712
13.6721969576895
13.735414423748955
13.78030112765413
11.21599268508357
11.822135102126477
13.442889466105058
13.620975006175915
13.603604353038286
14.54964162078666
13.96774401653332
12.058105282728363
14.283975341879193
11.948369535996683
12.613701960683956
13.749052582097754
16.4607217489433
13.479313947880229
15.890417690775116
13.563408395264029
13.971036389733195
13.493795611078006
11.710429128166837
15.897044775853285
12.746899489104912
13.294897442873344
14.966540720264069
11.140385972315654
13.050797658807282
14.031320382912577
15.146435620314422
13.68440386432561
13.28632649152346
17.826204896425924
17.83408631361917
14.914010450243689
13.91116649140792
16.772342906692458
15.79191380477596
10.755104388406577
17.55932428763853
12.943615337135213
12.565599909934717
13.462321374759691
13.81439886273025
14.826925647249709
14.344876678851172
11.614279733654076
13.800359174367593
14.431635212474884
12.571856811718026
12.904623247202844
15.65368630151232
12.14619340916857
11.646545740082255
13.190195478882893
13.878171326863953
11.373213376477171
14.889994509258916
11.206103570818538
11.360091593118694
12.660268861746086
14.49873897773684
15.989376472637908
11.076591331020413
14.294903815729938
12.233381495598005
14.203263342297525
17.579704729125513
12.61590652852162
14.591189342371049
14.99431160216968
14.637276414539594
14.70963064603385
14.615093251594585
11.545168630939743
11.400565033080182
12.277363306568121
10.892274956956587
12.626601010794957
12.573997770730081
14.283687305872041
15.297573081921332
13.178489884742865
11.59217627835617
14.78500810829074
13.772460766492895
12.029731499230355
11.409630632609684
13.001718693575436
14.658495408222445
13.593407846188658
11.764595024752424
13.400831223446662
12.309842055175274
14.874727108030275
12.225363643966606
13.571763882410934
13.100796647957264
15.717245741911396
16.782858840121584
14.06614874531697
13.34501903963773
13.110420370925741
11.78012012457199
12.201800401239915
15.553449670352684
13.559452084931255
14.610869724660418
18.10034672304586
14.52074575612793
12.919096393832902
11.10409348078078
11.722879770907488
15.715733476091462
12.708628549976751
14.224782496714132
14.343115765651431
12.548730822653017
12.455493566380028
13.015774438891064
13.854844608739668
13.410150908440784
14.5932828067346
13.447020910805698
15.816865364036722
13.36748571668702
13.33493287371399
12.129079116646253
15.29698097145844
15.065470526790591
15.193376281483694
13.978845635124994
13.152794293035884
15.707462140950529
14.035305521328587
15.605938373064003
13.90756645364537
11.812546877020218
11.109887670361097
15.380645353745102
14.756517182833601
16.213402929683625
13.532246205200346
16.672138715275608
11.776899279870609
12.041036469082652
15.401404550218297
15.66111328275305
16.94125288816155
12.992253159156224
18.507537275709847
14.21258522941622
11.42833870539273
11.418996461792787
13.764257934969297
13.162415548195927
12.409788786046946
13.15277266563739
13.280203972888465
11.681212720242113
11.485438764948334
13.512740925837408
14.740602135091569
12.688606277367663
11.010027325006826
14.865415785128398
13.118035788019696
12.50029122206888
13.645039895469028
12.996422456090071
13.100690886415574
15.445967938241493
14.118730983528707
15.70944873319145
11.120746233648493
13.054600593364013
15.226872619747171
17.255464727231203
11.526124899583486
13.207442343278597
11.585574287746736
15.320194430857185
14.154232385589602
14.131497807709891
13.508099440514204
15.859790104004865
12.278989673447956
13.485201146499886
11.968212961497496
14.222247037077985
14.764483643691458
12.188597524214158
13.627412357223648
13.021643424263182
13.381684696339565
18.074739645467776
16.478764597471404
13.535069214683954
13.179179772527664
12.440114345176907
11.750036994792206
12.187400301679304
12.659844971823086
12.77415613522605
12.985391197538927
11.677786425297942
13.685798426748885
11.651982704618913
13.284177596324316
14.082479097356835
15.863161567094142
13.338826166165775
13.19354088131156
11.104093480780781
13.02478801747489
15.43422802285648
14.062822964622887
15.03751790889995
12.635432861623999
14.966329378453716
13.777222473449218
13.98846476713221
16.390646904738116
15.291381138114371
14.680527346962883
15.181862504769516
13.478793899482596
13.117974539695403
13.034197544727133
13.329037798315598
19.554217822473134
13.171138270494561
15.571525068958032
14.022997846183046
14.422136874907654
15.411812392437428
17.104853995587522
13.88132251297442
11.709410945482723
16.1794901431484
15.084693970249432
11.581681496519012
14.215123106680789
11.57991852367233
16.139685790955276
13.382770923163948
13.796984355072313
14.771890186006612
11.790682117979038
12.990881690628248
14.857371615329855
12.932079989689854
12.298806932716385
15.646346606295745
17.501478838895277
11.615906417390166
13.639844092400294
12.321163895139861
13.18021515830917
15.519129672390097
12.531194927559532
13.678047332491714
12.645169279711368
12.644045530463384
15.986200434177446
12.421775827734427
12.26171030585316
14.591167054498616
16.14268377363577
15.224601297591331
13.49757854683904
14.061442359488865
11.219473142683283
16.767900523364588
12.796606601167007
11.177321763298844
12.050249402940235
19.900252621309175
12.5336445343188
12.964383762121914
11.925676630998037
11.108933601332057
12.619227501886009
16.440275490005483
12.810594235981046
11.03352098297595
16.583132404850446
13.13059550970786
17.062378896581613
15.764643747965579
13.30622652354377
14.90092793296208
15.09990010782699
12.439789277868712
11.38785353822798
12.138638377189125
14.210760267587885
11.929297448599325
13.236214903643663
12.015296699508905
13.247005925385093
14.00912743768497
14.366564156901696
13.015755733510684
13.129990920369655
12.914240695432465
14.275230706300059
15.544662804190907
15.719142640584526
11.737537157944619
13.446959482638018
12.401139248946306
12.695278506499063
13.179706978372936
12.90329506727474
14.64002273010405
14.41282037332099
13.327504829036569
13.346198024262119
12.856025769753153
14.3835051701422
11.718006699772367
14.830408217311744
14.593773666389199
13.860297133388983
15.163982791679945
11.710114571030179
15.819706653142582
11.374857112195544
13.073266533228892
12.427555691675906
13.512658489687581
11.382850063676619
12.470672906182692
15.04768177204154
13.237285306795055
12.266194489389754
13.505562358234876
17.3021003507245
12.283970836370411
13.435840483772367
13.523911352686458
17.82643508248091
15.168813144769246
10.993136662650699
13.192476538302405
11.703085566714837
12.07691430915247
12.27934612926338
14.664938778613218
11.986421392547264
14.57188206599994
16.468086132126768
13.8710327183144
13.460682108981956
12.90363707416815
14.52659029430135
16.13030412161142
14.030607049697885
12.814380313324264
12.904718540098566
15.099605633455134
13.36476114084341
13.178661442319129
13.972606870267931
12.283195163393232
13.78092932386906
14.781950452362327
13.721445469118716
17.570159161251283
12.999955577132948
11.688333253001979
13.93778774925355
12.358619560124211
13.138727357975691
15.897348248614488
17.07407639499549
12.994788046305622
13.38288663923899
12.71435670908893
14.043947870265411
17.433754975346723
14.70870573602475
15.562544071871491
12.444122837499894
11.801706455161362
12.919592000467118
11.680397780487793
12.37006614610158
20.834117374465176
12.584356937992654
11.870773124962144
14.2946992761096
14.908168722605598
14.048991193926769
15.613284262387845
13.976155242868522
14.011914610243164
10.730398910644945
12.51634394861872
11.574076718904012
14.096342950143336
15.983236497305882
12.017246476705022
16.57259846730537
13.03891495954865
12.552191730040208
23.314896793448355
11.857096905834224
12.513618527910246
17.425473644867775
12.706182512927867
14.100256481731689
13.285518936343411
14.247524134185152
14.957143991210732
16.175431747071094
14.277287177823753
12.28830333529735
11.80003849183704
11.118989481687382
12.351738876291844
13.477532767705704
14.771921242852708
12.6844903316296
13.00514219646877
11.231603547949593
15.058114937574583
15.632770549418774
12.518466834851575
13.583077272365266
14.996716861590095
12.653738902992213
14.555672179219837
14.058250201244714
10.981338531416364
12.555232517032831
16.146165051832252
12.929879564526564
13.878251085059686
14.873266476215772
15.78917490301388
13.498426371812954
13.259997060901348
11.741773274069503
12.808859674847112
12.416214284597881
10.903742819441357
14.510197457801713
12.913643228043396
12.171401021028945
18.125121422805897
13.391027353691255
16.58043387460448
15.411303643361085
15.904815086683335
12.608707748048161
13.352233567581465
13.615179400814402
12.963616467527876
14.933285508411007
18.854398674826886
13.093525122228353
13.56885452142511
15.454616816009432
16.584878390468795
12.998359150787488
12.995992654973849
13.548040954543819
11.82563740912599
11.863543743339761
14.46900717467093
12.65421078565208
14.31758523461966
17.846757320969868
14.812760630821023
13.71317421212785
14.204180685375963
15.033748291087184
11.954161593015524
15.991502577407338
13.017719465753093
16.0132379759253
11.874622310291617
13.652221035517956
12.259115565472822
16.30044230656425
13.013242859437762
14.327324530241263
13.344560983802852
14.09710744231862
18.075334941649224
15.195424362255668
14.149694341075561
14.259712696072281
12.712218018247839
13.699163244484257
11.744774528509414
17.255337826691246
13.866592312061188
12.26419634053588
12.702044768650415
13.264684609864254
13.55382672349018
14.499917571278996
11.871019268170803
15.820472289689882
14.39691088350007
13.460676072608386
23.189613070027768
12.229856622653065
14.50747843735579
13.314180819286568
11.632778907380283
12.284683337914595
11.460535571790572
14.45466533550632
14.813012947023426
13.278674767521029
10.760890294646531
15.479934250153306
11.487953070070194
12.329919856928008
11.75927142710799
10.945805531345679
12.594425101284829
14.146397182766625
12.303614447612963
13.757379341883594
12.692632831996823
14.000907540354596
13.088910677985895
14.264839067622551
13.17675460073248
12.169800118087085
12.076357646350417
14.121009410589195
11.940561701084391
12.546466360217444
11.956455875199149
12.03252358176714
14.032980835335746
14.485581348470628
12.012904373240215
12.480770902248093
11.401139045091469
11.898007349514508
12.338718217335632
13.677737109008424
13.39841402814684
14.43320137456153
14.623185169044147
12.968541167305805
17.225802179202564
14.024472752911926
14.82620543156407
13.7086858338734
12.484569410673501
14.363239485583275
13.018246899724828
17.281007044170288
12.796652644904617
11.996675519608559
14.439476886220174
13.9340904754537
13.872998401129795
11.804721547866988
12.704088097666904
12.36815367311507
16.851251328285077
13.366879582419086
12.334081928208384
14.735762123941026
15.295595594912843
14.925978751967756
13.724995047049928
13.438210987524176
16.53067466176438
16.563402366620704
12.456588447609798
15.474861913431365
12.56168352809469
14.878508813663823
11.800026609666396
15.00240432590195
11.321723572148592
14.509437324715735
12.51291002392389
16.18677506472126
13.420851644773553
15.92012474199273
14.10056222456217
12.740377604844351
12.749904372492859
11.833196899386564
14.982800217086332
13.278925888777135
13.813545208829552
11.91941201360906
14.699476081610912
12.390741514613454
13.169084766322214
15.463761547499015
11.064124417825933
13.814205721015963
12.843802889579292
14.775694176274119
14.638837190254318
13.643129758798487
13.230917009916126
12.922412625490916
13.080409407556084
11.212797238155527
14.359630798438502
15.018289073108114
11.918243056138355
14.46064885026653
13.56303916617434
15.324771551572468
17.686962819998666
14.13449637660321
15.23603274140898
15.701012814548406
11.120768307915734
15.594518892580487
13.744110982530172
12.595150976792954
13.025464368141476
14.433351603925079
13.18469273749418
13.308015900513137
13.355579807187711
12.95112642190454
13.74880734300491
14.239304293147363
12.056949105111604
13.733962378722604
13.821493280396897
13.753540226492873
13.29428192794939
17.737369086353564
13.889495075267677
14.317403819787572
12.977702568887453
13.42588233727098
12.002322671819726
17.00885880501081
12.849176137146488
11.566785564865974
12.882059300275046
13.259499075369455
11.993207664819687
12.278208859357147
14.991130302872637
11.790901228512494
13.46732000213917
10.880146067382292
14.495388855036296
11.694680489719834
12.767261810607499
11.746421831607961
12.612234137495308
12.376170269773699
12.669553492104866
12.056532466496364
13.57389518498696
13.442317127162356
12.017585727373989
16.89140389346919
12.095495695230625
12.296759662392212
14.219813816224198
12.987944768551362
14.934747636571355
12.06639892788096
13.400062744673725
14.5036904057335
12.908333534423848
14.083035804144856
13.882055240860677
13.479261419578783
14.636838424581917
12.078696151732956
13.764006875583123
13.379278165823695
14.810711912264757
15.171476723220062
12.365389427994492
11.768768774441343
13.839106521125185
14.880801046238393
12.914778355577772
16.072712127510055
12.668841965461693
13.644335328141374
12.639533040782254
12.942484257510252
16.88561415031549
15.860015442455278
12.212298158166558
12.080556633727275
14.261870284217146
15.807901113053568
14.38055878476148
13.043189035746813
12.133123146719957
14.314090790130376
14.138518031776595
15.313458976173777
13.183342740852737
15.016676383672783
15.006997238096485
14.267566988135401
13.855353815747762
12.900564756529581
15.860210434002596
14.129666036329635
12.946506623131516
14.401434108973838
12.540045177616813
13.068196239356732
12.9901124236259
11.561373890312503
14.603148875036212
14.814078846162015
16.402345508159407
11.431953966892175
13.972163165743718
12.513557523828343
16.222496409049313
16.363249699325205
11.679079882460503
14.98076904715027
15.5105426800033
12.456143712138685
11.902291959456
16.71404846835357
11.770019404175446
15.841830844647419
12.553108642033095
18.355284466411565
11.27479572000393
11.300973111910261
13.682727016891523
13.67513607846779
11.891182212498794
15.087343436895562
12.906900529795074
13.667620363975367
14.078925291711542
13.415557538405679
14.938669025708277
14.473458568008967
13.327577100487982
15.969556755811627
14.833520924575927
13.772423191465734
15.512402397698198
13.190488849835141
12.18735275609661
14.704240822454555
18.192055322123867
15.02735876601526
16.876408595014805
12.385854010283754
15.02386346896828
13.152074513845205
12.525757398115449
13.973297439917602
11.38778001360225
15.283731195786753
16.132684416430216
11.858304255329745
12.385027162312214
13.331230579477165
11.697997153971112
14.335926440332893
15.187954543686665
12.174594618236801
15.103617316178548
13.061603733955312
13.903209138742959
13.477143580417302
13.47438833683676
12.766906249080993
12.984501747016516
13.494913437025392
11.936772924376942
12.247697396979738
12.737088385032965
16.18616010298016
12.85430908560519
12.28007723245726
13.276175821517253
11.024720791100522
14.737557643399732
14.395264889982592
12.585528204831105
13.569053115491869
12.941501148499391
12.546122518374943
12.398332881974856
14.497062484285262
12.796090575719012
12.424192869796109
13.632336619335618
17.322057618280695
14.12985352145238
13.683457939300213
16.000295248448
13.440192822860924
11.524157772742644
13.5896545086299
14.55823647378587
16.284047687685575
16.29430078119003
16.623928118957558
14.319432057813662
13.655627095725585
13.59861429042811
13.2852313485699
13.306595950275593
14.368943594606844
15.215123604730518
13.687774481895826
14.5776681239768
12.88963257511153
12.82189493406264
14.748573337739984
12.004321771746403
18.195358672482044
11.609696329509461
12.372893215788004
12.066261879589076
18.50685153070484
12.624689963417175
14.694149890452081
14.923350382147689
11.651447530186871
14.655410897604519
16.6933329249434
12.063685169542982
12.619024212480985
11.666334363725543
13.636544629679891
14.248862348285206
15.116826324975408
14.767346007458865
11.803386966623549
12.156874461516928
15.869973596750876
14.884134201029532
13.297408323749252
13.665866075338524
16.81247708674454
12.768287040196768
11.863918972878599
13.866606942514096
12.535375605321363
13.933669775945678
13.54765487274091
14.384951071603277
11.715926601812873
13.78841868594741
11.190325979994247
14.917846530855595
11.109541689641848
13.716280723753785
14.142838293699402
14.980893552982828
13.200373489443173
11.834747012221232
14.412197295807374
12.234514694187999
13.888335517248885
11.684322564261748
17.187247896029692
13.897332630774766
17.375293564286327
12.583704675821334
14.071338454858584
13.357476700504984
12.201145520758118
24.115818648283412
10.893109308844444
12.638486031097884
12.231638184075077
12.547133840617775
11.086414531364282
13.663301287926767
15.638511890007887
19.63754727144408
11.416812106869402
15.103467885889021
12.079485793314133
13.637105222455945
13.799620748457725
13.807694119952341
13.690879595112056
15.84182715834999
12.698793562237139
11.763466967375564
13.031908293744118
14.663712130698169
12.451873103844488
12.492839069553355
16.383493891744184
13.337647924556677
12.062492398505318
13.954442898071646
18.0900627870124
14.71511369663843
17.174393808116463
13.151601072489152
12.079957396210824
12.205573202245176
11.839839196107638
14.89685961381461
11.916779012851027
14.47845791656841
12.932062912815262
12.945622818781825
14.647847633005462
12.798696107192693
14.287113751949644
15.361938449646253
14.170953811519828
14.007296158495897
12.852736454190206
12.31460496969245
15.54690677243875
15.13180143794755
11.889826453391969
13.958109616478161
15.972332631244772
14.129517586815506
13.84237343936087
15.3911499167763
14.25593788850292
15.40815582695226
12.003763989646707
12.336276731796637
13.238895059970375
13.872505943744574
13.11411665483858
12.03749437526136
11.950113456816968
13.345584401032673
11.72691117064879
11.268677518917245
11.14812629588731
14.619138162388632
14.548032495401774
19.10893376396396
11.576256320476256
16.303871460790255
13.571169818902685
12.053613206000016
12.449141427121342
12.859966608104063
11.117214435540614
12.276181910943654
11.50417980924318
16.229137892959514
12.868111781373528
12.970021650251855
12.66581255293937
11.826946079830508
14.53925121535231
11.741449596732664
11.167073115515333
15.08783264188651
14.112588655356546
15.362658923622401
12.734215476624996
12.451904456144186
13.603688402867942
13.185678690150088
16.47948883713653
15.371409330272037
17.59701468599728
13.846902223858155
12.704815129301618
14.532216077470355
12.231662080644561
14.94069964680551
12.920056805474237
13.316664646733503
11.14001033526175
14.969738812026602
14.464638014046113
13.806136966407895
15.922820838336566
14.955078982692767
12.921965522207419
16.499117701818513
13.756805970601409
15.285523590335416
17.0803142986141
18.753664429499768
15.950950744248537
12.83546520182532
11.4380750280589
12.706898454453725
14.768597444143655
12.425132235578957
11.909229595676333
14.979093779666625
13.421572619761513
19.73397352370695
11.308986439195152
12.84008249878266
14.6939215541691
14.745356306454632
14.286093230075206
15.219625503670482
17.623624452717184
13.767644109690092
11.23330002650869
13.964476719809474
13.743655871063625
14.57099224949178
13.374855687419101
14.039863740103794
11.746631999996195
13.668462268819713
11.22907060744938
12.459501106945417
14.810781413157315
13.419768336305879
16.39080892226129
14.188707644093126
15.253819791921906
18.573073116049766
14.578121035739857
13.406530384840767
12.994404470748032
14.05169817596561
13.988206913136844
14.535807608558578
11.787367269085669
13.9398430658428
10.718771754152431
11.368337321419467
12.911380202806837
12.802381403014321
13.109661430215
15.811850549902243
12.781791426926658
13.549867035821928
13.175067475894013
14.645010213907826
11.879115727583686
13.261686438645338
11.21462019709426
12.761864497386487
14.260965502274775
14.929234284047547
11.56774367772485
12.36683848979806
18.753913730030643
11.65777967981137
11.92649425320272
13.637785032492328
13.55286975667804
18.027114547682363
14.867710446440384
14.60235096995842
16.71874302328649
14.645553808179976
12.960390621454286
17.1637944214914
15.592914062521306
12.18279497485992
11.089573745343788
15.202768991404959
14.36032657396088
15.496807493005798
14.419893260946926
11.499179659009405
16.262618531975576
14.062459001029957
11.976505598874626
13.778605443861986
15.036688922101622
12.860503305410433
14.890912082212225
11.981167715150805
13.599737755940238
12.88307551772926
11.988845388203938
12.297930869882236
14.627685790131762
11.444931340839785
12.794055663580187
11.813201091482068
15.108447935861737
11.89356543432525
13.073655946842901
13.182010934020587
14.30327684209499
15.506409240256474
12.713664550795855
12.141821739272828
19.050592806691565
14.089728760768343
14.205242392963811
11.722048218406304
11.800440574036761
11.996025659588021
14.092587589989863
19.16339422171488
13.741759028766017
14.093820181605192
12.122468224777014
18.182673277001847
17.061994858524194
12.01238985147426
12.200101615932466
14.178048947913279
15.43892109660047
14.47419465467117
20.66010796902908
12.283304168473624
18.477622234835053
14.860657015976148
13.826358666436963
14.706115919829875
13.145062248139821
15.150655894214518
16.63845425922526
13.63355050314496
14.037241407522624
14.133479698247356
13.570711639245685
12.847119832696738
11.925042670854552
15.467750481564412
23.260955039446586
13.844064238016477
13.595581247927853
16.216816334048524
12.702649684698354
14.45189499780479
15.341459961163352
13.789231414789029
12.71698066365067
14.366792797124736
12.89630549955371
14.717589411119754
14.272382389349241
13.154587381628774
11.490875426478462
14.898534209326716
15.52117727554969
12.09493234756234
12.513004543767284
22.998173838808032
12.707661504335713
11.658575845676896
12.013633883278528
14.947194852354368
11.71506030718558
14.466755072763135
14.797020939715072
14.29503350227986
14.450185307484327
13.163949345283612
13.219140404717166
12.247424974236196
14.572455538822895
11.799806437184921
19.841826764244665
15.863136834750891
13.082298737658544
14.04803951685958
12.934611710939425
14.079383464310796
13.934585730990927
14.73330155065598
12.650426917419614
16.54543206718663
15.731478803641181
14.214674466695794
12.19672308880785
12.676463055505414
24.095281186474768
14.298734088576206
14.640065442914997
17.982510080561653
15.383383913279715
12.762233213686129
14.400742972336673
17.399875070425225
12.804616578237054
12.94909582411016
11.818406750005408
11.82910317388853
11.792997489176187
11.789126500386022
10.925601919057906
15.32325508748761
13.39823805349446
12.465672996169712
15.118567696787082
14.07134152126406
13.207498711135129
13.286474540830893
12.873821287109433
14.93671890202628
12.383834206677308
11.136276894433065
13.436881756567946
14.781114489663565
17.456820532123597
13.150293057313954
13.985051672651315
14.828622501234266
16.415067740412802
15.376059155144041
14.583669495313277
13.229485698279309
12.87120091662816
12.661259650119103
14.849925574911703
14.719450325705928
12.124149264549185
11.358512879082397
11.782644878276429
13.884244095705782
12.939997328576506
11.14001033526175
14.432309363256266
11.6778927399693
17.506659075105883
11.109851589070638
11.850992937756839
13.321217560559722
11.566877040584025
12.39850728537786
12.641173764113626
14.700597604797895
13.762145246787908
12.56541430529544
11.641714564757592
14.27818518297771
12.90806930526114
17.699123379103245
17.183003855636485
13.348019603953984
14.486202485259131
12.047640761001206
13.23057092948861
15.064407551428536
15.743963560629822
12.929192710399175
13.942104512382015
12.49845246177629
14.235379214236522
18.631398614380398
13.4340847985483
12.117876778449315
13.22712570159747
11.168308096070314
13.241688571460932
13.421636001724297
13.9317061801302
17.85051391239129
13.322454266860715
12.521006016135894
12.371478004618286
11.804037675533651
12.740382107529353
11.884630727814226
11.886460781714456
16.010428504980943
10.988149597619477
20.163123038532095
13.387128550138916
16.171816410426587
12.095485170397206
12.185990778219011
12.831702006334279
13.263908125478135
13.142614621746562
13.519923911897664
14.385047303992643
11.599037275651241
14.264802716781354
12.180698370049596
11.579325563039095
12.859469836712446
13.320944365707199
12.440867453132102
11.524156901788082
11.873886643403225
12.95163746601048
14.417797489731353
17.421799059443355
12.74088121214665
14.845550468526241
13.932636182445172
13.1287847500431
15.243499812745455
12.576373774642004
12.185260520356728
15.576229604065038
12.632531244939928
11.850171018567334
19.033921821761094
11.989218129567263
14.361649371630923
11.895590772474018
14.224496884545562
14.500452859467394
13.612787596816828
11.465365300390122
12.301352971151395
13.723079614377712
13.0925041045429
15.045751746821116
11.547750396454607
14.011232167023557
13.273572292490574
13.928229183340537
12.347784001848888
12.284611768489023
12.89688968431612
14.890112737900443
12.481312619498215
15.21762418980816
15.16220549752705
12.945337482267467
15.93943783359719
14.196629293632203
13.351036435531242
12.23563974748946
14.057452545034401
11.294579836304326
14.227375881517496
15.621048967327546
14.418512129158195
11.639037491439485
15.743834269840294
13.21831751222999
13.280421034219382
14.981967902125762
13.478681576314841
13.179591121858444
11.7103886236852
13.524761172344084
12.9270792088367
13.86465715353762
13.048029731548862
13.70027541913577
14.285468774274456
14.938222427665394
12.632533482519138
15.51662034224697
13.104036879363449
13.088312859918378
13.826831569079058
11.64949254849197
13.82428479275278
12.16350976771409
15.361252436113011
12.975131641590384
12.843641056658269
13.171360298264393
14.679099971789945
15.604869295643825
13.202715201835346
15.941587106564018
13.50037332106373
13.105868822109542
13.346297277294347
14.549201749892267
14.080876139816066
15.521431937680703
13.92940471760726
12.243020822964322
14.37460781157533
12.676348679375495
15.278791873047066
12.438101336989291
12.447770622135081
11.621409900860458
12.646987791848602
13.478616355458648
13.045843082885407
14.631743818020894
15.551134476974179
11.254996374399893
15.253849307031484
17.486164540052076
14.596726646561308
13.763487974842345
13.695151356342507
13.44932267225045
14.649381405884604
14.968629369558293
13.055022343465836
14.431684777294445
13.980347264912684
11.842011362329908
15.783149228817411
14.363112089324055
14.90405017405639
12.374532041426495
12.77224966445778
13.9658583205536
23.503550550785228
11.09159016899758
12.305982145839
14.237527908403509
14.01741271706447
15.043695237124922
12.29791588915929
10.89263165052056
11.989623605443253
11.569535019679186
15.336897855382754
15.754726180029929
14.410255087809146
16.71129059086364
12.661491347542663
12.065404906826485
14.403016739858499
13.64193499627268
11.790081950487798
14.938179180683328
12.401291401503048
10.536208146686082
14.11968352854183
18.91614740507455
15.649973994879215
14.05392150956252
12.554331785805516
17.354611065047767
15.376802562518078
11.973317154012936
12.832181584513979
13.94320723107124
14.776493544969057
17.645203493364356
13.232772963798734
14.828344246124061
12.505297142552262
14.048437927620533
12.2226619228208
13.37552332153996
14.781836116844723
15.403820469934507
13.574685236032177
11.128518051306033
13.929464791483888
12.124047825641014
14.961330893874914
11.717505616752359
11.8261999951807
14.234914669946804
15.469986100370807
15.12077592621227
12.688254025786755
14.814470194681356
14.057965432216767
13.318781178044524
13.82352693754142
12.028592493466912
12.607183839398186
13.485745592753707
14.699955402025616
11.738279452258556
15.115048369204509
12.18484232840202
14.109628045069464
11.912256001019475
12.042333723341779
13.627081732986442
14.24169643028951
17.279455299292188
15.2714398098183
18.143121239060466
13.768769025791423
14.474531170267532
11.846900832205767
15.548839710385419
12.801063203511072
12.414247406238115
21.215526330965854
12.994836290980974
12.704839940037285
11.2424002549737
12.296597849840872
11.245161790093352
18.212110470881928
12.868424343926732
13.651235223598626
14.123210053339477
12.68430282942235
17.670695347220125
14.305332371822912
14.675222509240907
14.363665656238156
12.872333752015178
11.513877889676923
12.15344665055963
14.852098322713044
17.58806250399104
11.96883974550007
11.819966078511554
11.919463885767504
12.60518664734061
19.29177283212512
13.004159763516034
14.5821294610371
11.61319913371528
13.330930710298482
14.591373543973999
12.692697180556683
11.167353069973363
11.820079218880068
11.606438523530551
11.66374762610108
15.41478207950979
12.139760811828818
16.518895274347393
14.710329405232997
13.343303476505024
14.36714361635106
14.125342027348553
12.711037245154738
19.030295751772794
14.519238158139718
12.575189836370436
14.727060033780578
16.527982676566733
13.176959418079969
21.826107230666704
14.672563225389085
13.927851579722947
15.00696919296967
15.415109018574466
13.481960109708966
15.102702333716197
12.34168818992143
12.646038286795887
14.325418754453285
11.327466798259954
12.276023092589941
12.260821597553463
13.135654666055329
14.651696191029938
14.868513834421936
15.51881353906396
17.169633535313476
14.714101125758955
12.0623370167345
16.443283249269445
15.254268129524807
16.059527343005364
15.784416129437483
15.089202886339251
13.793201928373563
15.09049469570733
12.599349066858046
11.732132434024141
15.110566613354568
14.610832363120963
15.369442954461398
12.430039364286305
13.892280797187997
14.04883282297038
12.440086552789584
11.612112991180727
14.63587340737676
13.667780455750565
15.99349833655556
13.40946311433493
13.304675490889101
13.369805461751017
13.00758241914684
11.791543003595148
13.9344014807082
13.312321883033588
16.223368949453075
11.213305588877144
13.018526788486941
14.036452989326278
18.42697412786197
20.73063661732485
14.804447140585692
13.378424944699077
11.296636309778318
12.968215017667168
12.939889860758733
12.397204313183341
14.07810439492506
15.225807446708178
12.21886967391762
14.773152085951573
14.810223221604698
13.210826592769005
14.715384433255718
16.55292814957093
13.79711208026939
14.145520607809082
13.793321973927366
12.83583085184989
15.151006134777063
13.966539391555855
13.7316510391918
12.342202665071053
16.79205248063082
11.322270287758986
19.711333314044868
12.933842690125779
16.36126033417886
13.610018439404206
13.374962403030906
15.034847452002108
12.568404678753572
16.04782265126824
15.376022036222382
18.7716514201279
13.910806135236328
12.267822357550772
12.533542434757923
13.815418463673627
13.747393031123016
16.10722751609149
16.354498089148485
14.932337654552395
13.401975750137739
12.190276675875207
13.485470632158368
15.554392136636643
11.585776715533823
13.368284426964133
13.434091256269133
13.16635539783034
12.838278792063829
10.475910168441578
14.28698727062613
12.419837476448668
12.11891137250648
13.671052143712046
15.94704457402982
13.5801711730667
13.27585340019803
16.540529109205313
12.019396420481137
13.276051497175592
13.358676894134554
13.844256613529257
12.45459933819713
12.298587753884823
12.647830740968518
18.070519487912527
12.10088001649537
13.907783000420627
12.91797137221247
14.053352506967727
12.532610061281854
14.589623647353745
11.204057633396346
14.00709602732853
13.571035548125366
14.389249982412592
12.805904588209359
13.47034124998225
13.605186382741543
18.46797950081418
11.752073210533718
15.535992434849128
12.457754402579104
16.09707247815067
19.091084867385312
15.57119533217847
15.79931464795104
12.12285381925152
11.917917444746143
12.530186720938449
12.839799572472092
13.829059393914283
12.712702366992275
15.392265854985018
12.672518303435492
14.255882920900637
10.896102659194684
14.76343830791893
12.780416044396004
14.360378756951857
15.642075574148812
13.1555120346247
12.247037597539464
13.772789297473581
15.028610042177739
12.244524219404786
13.201714529554902
11.926449203913307
14.435479264365338
16.254376146538426
14.243815049925908
13.59809220176161
16.97701388461547
19.892892235388
14.808311506989297
15.892625725215876
13.231893307726526
16.83733752974259
12.604937069980554
13.881700911224087
15.42926153168491
12.099566642491528
14.242023581703917
14.852839151942621
11.204877873552
11.530011335503808
13.136830872646001
11.574076718904012
13.204857256949584
11.566041603363981
14.199481761183042
12.409524089542213
10.612537450980007
14.3547405616014
15.950024956911955
13.827215965567664
12.185848164615846
12.27610033263642
18.174517590980994
13.215864425787998
20.13790073059172
12.13423296721978
14.736789829953514
13.87831670445751
15.205591356238802
15.42589173824863
15.613464085836513
17.300293223849973
13.310128105496377
13.506195487643204
13.411140637403642
15.44609006906413
19.65696834581952
12.339072774216476
13.486122223905774
14.225074792691933
16.55228565388323
15.701147532627928
11.529660746203675
14.09389812462619
15.672555656103267
12.462842956900317
13.185597394851602
12.84428953183546
13.26482135556401
12.903279628152259
17.346542425271267
14.208201004513768
12.045079811649066
12.811755710792832
13.698305817764997
14.939679472018364
12.188338482805825
13.84238601569589
13.200395610550455
13.880750660774273
14.053581580230126
15.926955769668304
11.48042549645003
14.748504064901752
16.14836636653639
14.568839382408173
14.482752972219723
14.349274948231358
15.740686254355394
15.158015350427801
13.825360115117439
14.254405946255076
14.667874961102779
11.764891628028842
15.82074159225526
13.929212873323753
12.965884447216489
12.244147762132169
16.04677422876036
12.844818702843476
14.08024598956859
14.951450410120422
11.248545800398126
13.72562905105524
12.592197414829425
12.280778333529792
12.511283349614294
13.148701710256441
11.856000201876435
12.049282333024454
13.66606255829381
12.752234300316818
11.786050407152839
13.040943890152354
13.907118683099636
14.983690779228805
13.983886567464562
11.779753922281987
17.176869419187774
14.930972569622325
19.340224481551825
15.331139875161819
12.11421361235843
14.236938271492425
12.992617802571747
18.354349912339693
12.614386164541525
14.268772826336116
13.157354847820528
16.937508981212325
13.079832980664426
15.174133873064374
11.8021325610273
15.50763556448219
13.249442550596747
15.074460598890093
17.95870199027196
12.796234059699788
13.101658371012416
12.09671599486539
11.518888683968818
12.974798837408589
15.807403546436312
13.821985307986548
13.419212395427538
12.65564701139494
12.896201537287315
15.764035391787354
14.459251682665062
13.021568929707264
13.194175125578294
11.271270726777884
17.28006296968395
13.81154728097018
12.650824646880816
14.309869077503443
16.790529953827253
13.566360028569612
16.17051579469885
12.196633695059038
13.279326045534205
11.40362745246083
12.612858158871244
19.731515046635785
14.833000547297083
20.564282895669585
15.559166081739397
15.818724312552394
17.947118339190382
14.21627855535846
11.920300522043702
13.29273474391487
14.236274205657987
11.881106601715057
13.681051293429586
16.21749343729578
13.284159001640765
11.892364051862309
11.344012975359798
12.152055776419084
17.07844083640468
11.23690907605821
12.546011840602205
17.47708701850378
12.12725777363794
13.39202719158206
11.763249570676505
16.207847746280443
14.014083351816552
13.414650511417005
11.900878372481058
13.72581132076246
13.99207108405958
13.673893667308448
13.360461645760237
11.032490531657876
14.727801733672385
15.162333451553398
16.00987734933547
13.733143177483127
12.204847125602704
12.189640449535956
14.286897119717938
15.828795551965456
17.48490302877229
15.633688810021066
13.216515126738788
13.071609800206515
13.75648541372631
13.205605376533086
12.73756050531268
17.99092590521677
14.29183263505886
12.878961962026473
15.456380784790612
13.378587492981733
14.01890319379017
13.306991479667087
13.306116648681105
13.164595293382028
14.452870209179185
12.19794855435591
11.508932714263292
12.834599387810597
14.179735871745551
13.90849801548849
17.20472769757714
14.838163641136441
12.654286239583264
12.525447821465777
14.683046193976299
13.330030397178422
15.638484344486065
11.782908755730007
12.299875735951641
13.555225877542554
11.639030043553824
15.277984946760292
13.151245795579797
12.899323689608462
13.319092039366138
16.23611872255536
12.234868034325286
11.923309785392235
11.922790913912454
13.783053275831998
12.384084177818709
13.23455960704305
15.269968586756661
13.090221214567695
14.21510838765499
13.083325065906948
14.519427144697246
12.813403301028586
16.11277496736838
16.199200962151313
13.466162313370049
11.165522640051737
14.934263040664826
12.558954502452206
12.90814640466849
13.558282199741168
12.232420499593166
13.119910010341
12.684001640565416
14.721642645530522
15.184715599467296
14.561787566698312
13.055300598965259
12.272580756795268
13.96190587154835
12.359754819166504
12.10288002572287
12.956663562966222
16.11510509066706
15.908242320913404
12.170462961181752
13.898651291922329
12.106585197032631
12.186494974848593
19.441913231251032
12.76262373750812
11.996876533506326
14.047893806848155
14.084044559190643
13.331757057116745
13.569468177229588
16.695607759795124
16.795083787648952
12.227828037502
11.334683357128325
16.84116807297871
16.013357670299516
12.248205080917668
12.671049055435041
14.620895592220387
11.921059463417492
16.350189199613883
12.027176853037986
16.163678473794057
11.940370867511625
13.959648297769156
13.602882770761596
14.962425679421647
13.177957334338782
14.051092139166064
14.671902691506828
13.268100036675918
13.269324007953912
12.742700489650487
12.134751393726905
11.678590764150943
14.291633649205359
14.559038589119352
14.213127707088352
12.70643930453878
15.350998819951103
15.697283546256624
12.842965253630181
12.451660004765372
11.604628090870335
12.500888610977142
17.367501632147324
15.368335466815887
12.941956266924485
12.10766652576234
13.093009864385273
11.28230744777365
11.964663531738786
12.161697045366825
13.04476545934249
11.461421835352734
13.666813524415977
12.27944922967732
14.931423627213954
13.0555358234843
12.840666563536521
11.750756856948618
16.699200674812904
13.820433246209223
12.088741317398986
13.438354750683676
14.361459932841585
14.509593645875512
15.341989140407891
12.398969035698066
12.236729145437424
14.36757052012813
14.112011113552388
12.61674646818248
22.358222837046668
12.499747847683903
12.986712616195813
13.241562141987417
17.639584305093145
15.514204983666145
12.510129066987334
12.510699245178248
14.494936002853656
12.329578337416066
13.534415652930361
17.342497360978673
13.781812117234063
17.800618083692065
11.82270364712576
11.422911909187416
12.488526336996443
14.99394292516956
13.450189048722914
12.654161449397227
13.53486845817438
14.299325052342175
11.368010663211178
14.201495951303077
11.889681194421968
14.666268119498437
12.057087724726093
14.373610630635746
12.618541656174262
12.615736788297987
16.921642724476033
13.526842550276974
16.432046224358547
13.613792586375988
12.378886932140285
15.459138828660368
14.146595847988465
14.647198826347026
12.344454687288849
13.53813420012497
15.475763219159443
15.9648300548869
13.029781335719115
13.166370425394803
17.292430111675685
14.776523118204267
15.439632785213663
11.512917175362155
12.504493749437298
12.495448389299597
13.41400719842476
15.97341473913046
18.538432417799974
12.700746310300618
11.700817046790394
14.98972935686782
13.416273851281506
15.776672732989493
14.225378286564915
13.795531139489782
12.425938343078903
14.297061267374264
14.131526963707767
12.447978380768266
13.83815164774387
14.700681963665254
12.649161781458913
12.032916798120153
11.42983271698584
12.994053724160086
13.781277959557363
12.152854832346113
13.185613366636268
15.053235899826246
14.629067749111103
12.077508435677627
17.413408899115186
12.796823681025534
13.9225519217902
23.85446268636819
17.48552751784735
13.704812564383428
14.776204957885817
12.7429414061146
15.629550840881901
13.13306476243721
13.33571107347791
14.011629790229337
12.521457381416354
14.600919440998766
13.959457883891606
11.632241495565312
13.167839223191905
12.771165545931973
12.209652116088384
16.243168919836016
14.007400891266387
17.065282833596843
13.334408625033479
14.001575462908562
11.28409127096463
12.191701975049689
14.644916014010807
14.606857222607903
20.291647024983988
13.014791496698566
16.251275528846854
14.973549121473162
11.759159046792863
12.303809346305982
14.83744417349604
11.099842835602015
14.89020908092543
12.681703905399223
16.42844619601556
13.721762113722527
14.65136710710198
14.57431512379039
15.210961686354725
13.271254156033233
11.78336975147331
12.20382631712581
15.49632015699817
13.58974376545986
12.563218024097726
13.379951227991533
12.225452153458752
11.654150167854414
16.66880124851925
17.452849980870273
12.425036001834913
17.79658004257857
12.263562409627001
14.74760058509973
17.339679098769803
13.73047987151851
13.615542363125538
19.141544982960305
14.824800543463693
16.5870492199899
12.879184740111656
11.963787063790514
13.356686461871293
13.230059349452558
13.543931202304972
11.6785003962884
11.647501795999943
13.26800951674697
11.931644661463986
16.31861575555772
14.428349343282845
14.124895758331732
14.905089627420711
15.301471705931249
13.780541821270806
15.983420401603391
15.9790143107579
14.371143092219722
12.996190945777503
13.042676883963658
11.830684281193063
12.712008017126877
14.128068767341308
14.80667733109269
11.67677274234221
14.657012061244084
11.927771206137596
12.52596878976123
13.372951697931956
11.47609589094916
10.713225151795871
14.523987485287494
14.301333200613312
18.23954735032217
13.251491576327492
12.468961163908935
16.719214208105445
15.882014239581881
13.927228226113282
14.551654416678272
12.12967041524353
13.015839744492695
18.167263197953837
14.667942881592321
13.01269711643622
15.76273851939472
14.143987816507268
12.96567412208698
15.610983243000007
13.797228243954596
12.512775246219748
13.720259194483335
11.637280730096961
12.264823568231392
12.894935891620248
15.564031124927258
13.050854885065847
15.631839362794922
13.507062471839916
14.58677290383435
12.081649863417747
16.3699705294242
15.761553078495455
15.244784669047084
14.912069763244052
16.9326515346776
12.636597553814203
12.28551684339315
15.448260722616185
12.310215852803532
18.437545200909746
13.091589348260317
13.981208644866038
14.002864182209654
11.398475690941748
14.351849828344868
16.502133260489803
13.204672309087083
15.447791789072697
13.370481374079406
12.460732193459034
12.24364587664381
13.887636731724964
13.389091548819566
12.76789288534397
15.608463425974731
13.051444080953289
14.619550236689452
12.648809588942724
14.482849435686958
13.980963840410325
13.133817615602268
13.150569049158134
13.560610879332303
14.061641810850347
12.925485715584992
16.203686162430138
12.569124179018175
12.510792300245251
13.175480924656977
13.677809057927355
15.013833805318688
12.787946421992478
12.415294408691796
15.830392017323602
13.828195095131989
12.533771292353574
13.534223987853082
11.211132596601423
13.495148648974082
13.82640525383716
12.53100278349902
15.942154554947734
11.721748009056746
13.071883643026586
17.563944057903317
12.360040519955074
12.162220581523878
15.986942307447237
11.27987006474157
11.301829317432992
14.43118669008561
13.172730945810953
14.336700495687797
15.479347003586682
15.636532645937558
14.732486101064863
14.137430108695547
12.278041246658969
15.412329872622799
15.39672507986091
14.511277246286108
13.23350489986764
13.606838775193783
12.783484417598796
19.92013621269659
13.177038252218333
13.447120063399513
11.800958957981944
12.789892132868793
12.54089375858801
13.352438028747464
13.078860158466224
15.50384114995848
12.813577039060252
10.472880624067882
13.683364767013572
14.054909161709729
15.213902979616057
10.878162725688838
14.893689566015226
12.332763683140254
12.448128080125846
13.108810046265912
12.103780986599979
13.272996020048712
14.884469863655971
13.093442835173814
11.960929524971036
11.240896985534691
17.763283523032992
11.923447276013327
13.814366399826348
14.122930460002904
16.308952532373006
15.163384453367268
14.147707464689722
14.968288817856296
12.090551460740588
12.775868810561972
17.60418351745863
11.854669139734561
14.514319910065993
14.501113533641323
13.648153332534822
14.614293331685468
13.329254885699974
14.596949688615226
13.624501932575363
13.307772468934147
16.892448870690913
14.816912861409705
12.718615617103744
12.597985152936719
11.834033566286966
12.782036768221953
16.279501789184774
12.613672268199386
13.44838364298456
11.96918626888941
14.858390457495771
14.287755334601334
18.03922063251221
13.210800575540445
12.6118276583478
12.245987562059748
14.60031415121423
13.612384855234609
12.097502086761866
13.910036197481972
13.813232493783985
12.2978430374532
12.068017658230334
15.192299956443676
13.15231428824789
11.75380470012154
12.591759288554954
12.133567880428263
16.33457162354014
27.417387943669482
14.327861956848167
14.214943795489955
11.983236061016518
16.915193009380772
12.535278372997572
15.470340446114239
15.193515886726944
13.268089594186568
16.107864326777477
12.952571262909187
13.169037554722186
13.815412848964385
14.779503106752571
16.654494981311597
12.187287158521382
11.833163249250394
13.299696857146085
12.667500512538696
11.827149498837263
18.080147644348106
11.526681597666785
13.354026869762292
14.981825725299458
11.857872555584379
12.430961467055933
11.964040004216166
11.903104755977921
15.644525208035923
14.619651487807996
12.457505224597172
14.960865882801725
15.458878929857766
13.145160517794483
13.427380450616317
11.076682568657525
15.800396157478444
14.044345913030037
13.862282304250323
12.043972427354287
13.309072982082732
14.551294526418618
14.745989426067538
19.36827556698828
16.38084292115605
12.815438405949077
11.39706682610537
13.178998985128633
13.441157701800389
15.100422311602555
11.184601988420745
12.328769722459953
13.987397467419548
15.012094724174833
12.40405549608223
12.522135782893486
11.680429750322007
11.277001299641555
14.693842676168334
13.1683549099423
13.888848929937081
15.841556536092526
15.413606933834943
11.355157166211375
13.443010821408189
16.925037102802946
14.792102976970266
16.184069775929444
14.18451711067331
12.738140637024173
11.72998814853788
16.883878073700853
14.164306970728793
15.084006780713308
12.46443344444392
12.789631441640033
15.20557808673407
15.091042501923049
11.921270396040422
14.62658630287984
13.601415301780357
12.457689417560976
13.727273166470376
11.637152441800847
12.938944667950185
14.310586597856272
12.344364431118851
13.906641009575225
13.491665585537644
13.158729580926233
12.38613776159859
12.049501932094113
11.819515679438819
13.73164867254377
16.83845720276837
14.220728547133438
12.41828477120736
11.83975556629342
13.4293011528783
12.287085030897224
12.435318884946723
12.993638600500821
13.432178181382511
13.995359328548782
14.745216695828859
12.720834539602421
12.808035844381868
12.292795627808868
12.906282124022582
12.264070384488994
13.350579439332762
13.498062831458961
14.486413830214648
14.438287940893353
12.434590811412576
15.199743441235583
13.308452193041811
13.163724882989563
13.669238664986741
14.52292757043067
12.177884276048463
13.848758765663177
10.973084697824769
12.716055140639249
11.827757015522861
14.273337855633894
14.522824938953995
13.581497801705101
15.450581077264983
15.097867157062064
12.206813809214944
17.105222193635885
12.978957358903589
15.594848721599199
13.540935528739166
12.915080636853077
14.11744821530092
14.996828658380108
13.838730847650536
13.65373135950869
12.873522827400784
13.71806205471014
14.149845210573723
14.579090199811144
12.060779388403532
12.153516336366682
13.37525424650029
17.209990409069853
19.318649409567037
13.480999887371643
12.573980934499641
13.392949074238302
14.729703331818415
15.110785159871044
17.778327424903228
11.925200742317557
15.964695733630728
12.530081875553288
19.495808822573505
13.292093520964027
13.988063173114693
12.738807399259091
14.194715129191701
14.689697420224439
13.684588914534284
14.575183994077607
12.236942483926963
12.276171355978907
11.355238393187136
12.131167392644521
15.248717055941794
14.700663676343238
12.673159478633696
12.412434945344945
12.585563584998814
12.794792452457477
14.285943652012692
12.73236312448273
10.885412719814868
13.205587140906072
16.492032693364973
13.991565412357668
12.014713199488739
14.684666265002296
16.00060646398449
13.089811111992292
18.419240172483597
14.445850595621554
14.558007306885276
14.195904016152284
14.197895823025084
10.568790158653272
13.462618584590913
18.273246047098816
13.277239777058774
12.348298716838343
14.463301383245
12.72157913922568
13.965394006988545
13.175334428288352
14.405015652200134
14.611286289083555
15.761022002729948
16.475104262916105
11.318145014378924
15.467258452564309
15.439700279680805
13.907639126137855
13.281755876805292
13.164886212443363
12.784676380299008
11.783238109329146
14.357059205223802
12.573123491955936
15.746160390056327
11.090396248511553
13.623303756733964
13.586330379433118
14.922556335861511
12.91865609876915
12.616606011055698
14.262213312848145
13.096037502521915
13.533806131365846
12.210521464719529
20.25922895075205
13.616300088183959
14.089832105447382
12.3649879615467
17.20795194773849
13.273371038982674
11.823994570799258
12.987334025470158
14.434274541164982
17.186144968767938
12.877514207202848
15.835914317735481
17.63198107387776
13.658638597259625
13.648421200030972
12.237896480221607
12.977639441843923
11.713756798114067
13.246526581649508
14.591435547304936
14.016344736221347
15.356342365770812
13.589941940395923
18.82467648813543
13.385480390906416
12.125642592626576
12.910153585411575
16.648181351141993
13.903583819058426
14.671620202586269
14.418803052387773
15.790094943979366
15.246417741216948
12.512982650442261
13.042489154112488
11.519092887294937
13.235891243356736
12.70850840282283
11.070333064681318
14.695882038017174
11.0639868569007
13.490088209529736
11.306532617463539
14.13796021478417
13.78369899986694
12.565470617399566
15.603874779907748
13.11819462030399
13.338049235524034
13.664224531508456
20.03125932318005
17.81114670149874
14.52080914353551
13.524604908857373
14.803697929051246
15.957245748593206
13.558958803480936
11.294579836304326
13.159719040261983
11.43708358688514
13.508803380076152
13.998531437469738
13.04930033898313
14.326077677478846
12.86034117118589
10.628181244706264
14.377259131400708
13.780049013475125
12.15740179305136
13.895454784242714
12.884853969009681
12.051027994059185
14.140852955048075
12.724878635876568
15.404733326227337
13.668983585942254
11.986097251343182
15.658265471039625
12.102584969051149
14.96251969487445
12.992280403348023
15.093078471117328
15.239318488426681
14.91531227757567
16.12001832996606
15.109939683546994
13.708941953988
11.75845368301125
13.856191378231504
13.108641020920935
13.343915011916119
11.999376661477502
13.539957878609302
13.218932081169124
13.653284596316762
13.662852985450172
14.569531465333963
14.099080643960104
12.383812456600127
20.26156168082738
12.923672565678132
12.183364915068672
12.928912940625649
15.216133274557269
13.09468502879334
12.056230591740755
11.535805065665901
14.04959795870637
13.672434859503369
11.767915165120266
13.982460484217484
15.368006476677145
12.88018681056742
13.264883913764871
12.139678137621642
12.797702041075164
14.94110365689454
14.341744768406883
11.23860891219374
15.669471156751865
13.553279426754496
14.63466458778746
14.700985188127412
13.109072711194795
12.040073125131391
14.001291497758965
12.598895962621167
12.268651777532932
11.698293143852217
13.69522477661536
14.725335002912008
14.835502655756422
15.880307208179143
15.188717442907137
12.187026913170206
12.620611389196982
11.786636662902175
13.044222910522596
13.012054821738568
12.548251686126639
13.331594288321517
13.395742052697884
13.391501832085911
15.70366791071618
16.012433211241618
14.912095083318011
13.94344042720629
13.824491705658438
13.337950226685736
12.742505920769755
10.656977783161498
12.87046731245308
12.841771750379138
13.599902716050764
17.23299088012222
16.16354589822729
15.695190727001119
12.854869590277444
16.4447927878892
14.268018199863382
12.173062687005752
14.83070213433272
16.95624294852986
14.846475479759894
13.754364950240845
11.388204550148373
11.59511818563361
16.960221584742897
14.317190919116456
12.216921019857548
12.489165878081105
15.37151687610197
14.127130575668986
14.017896066754854
16.607240093491008
13.404393202392791
17.638098556403026
15.614934637715125
12.79203393808449
14.005552171043187
13.851468635812648
11.859932008979868
11.531655663752478
13.397188597862044
12.86544248596228
14.354660650661286
14.537750503304457
16.24029961764888
14.228883290563653
16.612184738928484
18.23933414415227
14.248871756816001
15.175838771285097
12.121097344603532
13.742751728527786
13.3589488086391
12.163564493022726
14.984374128806307
14.67261930124565
14.934096403514108
11.139274893747325
11.358566983737358
14.135796199285341
14.812271153519063
11.7802471492657
12.387361936844428
13.683032812065028
15.471161924526832
12.09517476638795
11.943439985807789
13.940387807525273
12.023116244658441
13.781910076312117
17.405647449385025
12.75031036453102
13.890336139943482
12.626908694208371
13.595564356392167
13.77728275464953
12.917995624305625
12.97035147591169
15.199316750328183
19.569885936311707
13.89206991328806
13.939802083631584
11.295032461393813
14.040492615969184
13.605953765985149
15.261448577746272
12.956204593540013
14.725171078281324
12.65024798193318
12.601496641884685
14.412429044525645
12.51448416355246
15.13867195288099
13.873452781216455
12.494270421181724
12.822494393266226
14.70233306808893
16.11934087788744
12.953248022590163
13.576324037909902
13.11411665483858
15.376642476256583
13.258319017389043
15.202105073004068
13.611102502375584
14.039775541946804
13.9352351569742
14.749649490556852
15.32648162065129
19.894786082013862
14.500222828949296
11.496952166222702
12.35760958100214
12.638456292179633
12.001348451856682
15.199676735745404
12.238029427480988
15.215685014564878
13.633605676418025
15.263750460882989
14.419470866031059
15.96754143194775
15.076169661569764
15.346245153931442
12.150337829023261
12.342759921329549
13.295049853498512
13.115393172306803
13.783916220856812
15.611087405163916
12.230609881289451
12.120871176019701
14.547147533246603
12.178926392500358
13.803686253819299
11.676323422706762
12.409572197703362
14.097529139037292
13.354944866962745
14.947631960291476
14.257806012918744
13.07235467779335
10.959435613270797
12.051999261443171
11.493307276566656
11.383844137443088
16.459899698181957
15.227537703801733
11.210777486126647
13.609571530732147
12.34019682127323
13.392283798207766
12.57334335807386
14.555452316158439
11.806531040413054
12.303943702145872
14.661673035798426
14.761789517588701
13.336682805806326
18.117782351360045
12.765726877339821
17.089593457713438
12.93477314347093
16.122457931406004
12.606213233833229
12.645685741960829
12.590802206214725
13.575308423939342
15.686477037137593
12.939260022866176
11.477058455584363
11.900466388627043
13.407550218829325
12.62614830114778
11.428971866934168
15.565714215871038
14.624344647869988
14.826379548284862
14.389734832163608
13.211868050392445
12.945922474744094
15.371713782889405
13.08229576755619
12.82952592757712
11.071838850928371
13.426133795123706
12.761463098680402
15.670678141029134
14.58673541360463
11.458297710433989
12.519360907880012
11.627785186159775
14.018586226805313
14.127915156216938
13.83241239601928
13.209031677417494
13.318143443781802
14.82769154360009
12.003527339825
11.656716794199308
12.792961980707414
12.90147584955167
13.041242812488548
11.317490230510483
11.930857523579874
14.936148387058871
14.995142876682426
15.868067226683662
14.378791240417362
11.67399692546611
12.72758747436807
14.339326534597888
13.372408312624412
12.732236566701426
13.385318285894414
14.218210502267645
14.361681577562084
14.085834023349639
12.231167066737969
13.537762453127343
14.324024027190331
11.751287830582989
13.08965366657757
14.03284322313721
15.811999102073374
16.27853817404535
13.750131606726917
13.46067543766619
12.115080999028418
15.967116428949575
12.60636094984809
14.3960629798807
12.913440389602702
14.761777417267407
14.295390712590367
14.676561475065554
14.295703490309595
13.916071859477233
13.531185976620812
13.710511224731185
12.900660972722575
11.204842580476054
11.633052409110459
12.218117798046961
16.2109895134789
14.891642335179625
13.776994241580164
14.188170930774422
12.55141380803536
12.814728966161981
11.989810359089804
17.889422453407292
15.565854555565222
12.613592291632493
14.80737425523381
13.039261605349562
11.976004995991843
17.514438425975666
13.440229248008057
11.237410365106614
10.85020967889973
14.213137299152399
11.496430093042688
13.114104841808837
13.731399447032071
16.29277707161409
11.64066945812413
12.509338157121356
12.32084537327368
12.365938572058237
14.885459019579624
12.71159955919149
12.27849958538281
14.158671625267534
12.310893301573186
13.86620984160016
14.10512458473748
21.674060348946817
14.500275781104166
13.192550611887839
15.327296205691612
15.422430093800305
14.204955627246877
13.457583459964088
13.07488104138541
12.011315051552094
13.478973704098225
12.0319207439265
12.331101477378954
10.944893715937669
19.66139824116538
12.873705468604978
17.69943486095525
12.701263115570791
12.603009589777594
14.648143340289156
12.343579770265299
15.122208349470002
17.28491900923822
13.65143194396667
13.447934560652744
12.254695502684074
12.831506008023869
12.662481397467033
13.063214344037949
15.586498774187357
20.397535686634196
12.885802166875166
12.26304783896056
13.080781910569154
15.164788718665388
12.636726218167102
13.269309348206342
11.76253512255684
12.543140573893268
18.013909528043037
14.33748084959342
14.046590650218096
14.826208748904591
11.894660224607742
12.893930104007751
13.992716428324563
14.831612012983983
13.058227792425352
11.006296952491883
15.720062078588047
12.70547300581124
19.626453897249082
12.53052928560965
12.509809504418312
13.962865110482188
12.380685960442658
15.219720670948366
12.240214058540177
14.341644971065703
13.096876157835341
15.218878805167895
14.918997637777007
16.642785414746186
13.96187972036542
12.439130033524982
13.943885537767082
13.355295859728425
13.72541704826787
12.918834584626579
12.953371929643726
11.591309460359332
14.780259249612985
13.0545654460597
13.642177998404959
15.018354891198307
13.7839274514088
12.23413520141492
11.947595439513556
14.421961091092943
19.2083572011107
11.824120520487348
12.247186336258428
13.729989690075245
16.791038529869613
13.957581308551836
13.320399950753643
14.155202366370201
12.585414089616236
11.865282820330824
12.881879661969222
11.40312968537956
11.190611524239914
13.988637672931691
11.642375153283238
13.187088867371171
13.119113758004081
15.292746861442835
11.945500677311907
14.35543314366361
13.436460887357764
12.868896339505412
12.609647788866958
12.437167089139084
17.359497421042352
14.8378803614149
14.058656102183903
12.671531489654825
11.475550781930577
14.247752607015395
11.714163713568114
14.960923043187211
14.561142730800201
14.503558219257927
12.432416104504597
13.973596510842633
12.230483262261453
11.762617211942183
12.965108512967259
15.481195725579592
12.909106332303622
14.311239653972876
11.13371478208588
14.947727552912918
13.47557825885223
13.96493145021346
14.468919660206566
11.674149678770595
16.490818987449085
13.45217985889305
14.197789518389868
11.98529332763599
11.307476911281901
10.342875994528393
13.469432543401535
12.085831202918108
14.314239803090771
11.80218878411523
16.23387202826552
11.91093767586815
11.133703204592946
12.849270339726019
13.146310006357846
14.898967125171923
17.17324695072745
14.814769113168985
14.693047450024345
15.78416229458078
12.313973458871112
17.869279834791318
13.753480321294184
10.986462457806082
16.486527230991392
14.315548748443002
14.39047718740729
13.084359351739602
13.525364214059937
11.490728055902316
11.905767913824741
13.61694296385939
12.7451522634404
14.062383190381066
15.24838215431798
14.256857303540809
11.929179076839194
12.524117840638729
16.39660036573172
11.958999289432066
16.580138963103394
20.19776561713338
11.947608282754445
12.95509463505567
11.517393753233893
15.100717538526103
11.357853422390185
12.53548657568188
15.050383614058582
12.012799698903823
14.0307765043774
15.40279172810191
14.539899828710027
11.263648933757505
17.276155935479554
12.802284673609721
14.334484016293882
13.726112871124437
12.587460338983163
12.079536292900558
16.69660491876028
14.642416509464962
13.841791238755027
15.361983774694325
12.705141272621347
15.105509893689884
13.914835029170128
12.916815323515543
14.683248148959933
14.549555095546
13.808486775017656
13.428609508896546
12.91648629892124
13.119081767203443
12.8287942535226
12.65624873379533
13.614040921323165
15.313892061290545
11.515380991890911
16.14013074666198
13.160061536693219
13.088557109882252
13.473405407344663
11.728479425873454
16.065043753111922
12.665249800550368
14.018247345068165
11.616900860849363
11.750178198994002
13.168709169246668
15.404010006508965
14.568303160856468
12.033057581124876
16.28040118106597
13.374215163397244
11.156438561546167
12.72022827667318
15.068862030970747
12.309933581759308
15.424994368734904
12.848725813506931
13.409153965279794
13.916406145821124
13.548219265390959
12.078402519887787
11.86633554991909
15.406682745792198
14.156783350669958
16.288164449346297
14.460780962472027
14.35474914129131
13.519447667736397
23.165522418416202
15.93859177971816
14.009084839229674
11.718006699772367
18.71490132103081
13.409122320180021
12.681554870109446
14.808812469717891
12.058272304331997
13.171090908393593
15.413757803477996
13.849715424150128
12.848722218601182
14.439292534043277
13.186482681120092
13.572321581230792
13.090369116602636
13.399226768193326
12.043732526776353
12.665256158446805
12.588302128655661
12.511545507019685
12.529970717591505
13.945434638837433
12.739884427531036
13.251146618080494
15.60440889922641
16.27867830773955
18.528381795154306
14.398862205730488
13.575553055073003
14.87219454507914
13.522908012409102
11.85211402838475
14.74864859278604
12.173829531813341
13.044090711682781
13.849566629006908
14.969895848740105
13.075235811683369
16.12259346872302
15.6736803124331
17.241869944588537
13.437632658293776
15.934877053344099
13.122475131207171
15.637535735083361
11.699081640124112
12.303931782215763
13.521837109354715
14.334606196894725
14.602560635989969
13.94381118824305
14.248455383462314
13.358307448272084
12.038028738769118
12.34455947280375
11.725800680892
12.766757146037364
12.800610124002493
15.000558563557986
15.541342131625894
11.260853154595397
14.428538997218064
13.037826280291318
13.063875603990128
13.947990799391171
13.422702794576981
13.024228590751736
13.170399565687461
13.59058445690081
14.24960554172825
12.765501370131378
13.284533474520478
13.435090449863294
13.042392951720924
13.747172761658621
13.938037386764869
12.410403160787977
13.202688525236168
12.687628544469693
13.214995354968494
12.684036134679415
12.986888773067133
14.560327339185651
13.861402587208104
13.566355876340802
13.531129063835559
13.310009962985138
14.030136022103042
11.139827550821336
13.041913127983173
11.579961730094965
14.515375292903517
15.100893716312294
12.324514553375373
12.739032284301857
12.856553628466306
16.33334899561382
11.836914395710068
14.166533949233699
13.295324712388307
12.530635836886178
14.079428289385405
11.982955802960362
10.934699588934217
13.89032953593019
15.361655586542255
15.479297971045332
17.173744636180135
11.271835058537214
14.02285999781952
12.851216168951606
16.63669442714275
13.58289388569888
12.30756092546402
15.058076565570442
11.772637478429736
12.297706058589192
14.369655520148553
12.265278317412388
13.838180372729358
12.184195289929566
12.79520356002102
13.57589535289786
12.363438955525524
11.973167843276201
12.598366439957681
15.966230050680323
13.0762747915092
15.05346943098068
13.679518337243778
11.584874799134944
20.62916408731808
11.432693692233586
11.5005071832373
11.998451652668312
12.533191951504946
14.271446296044905
12.357049065005722
13.296531573959815
11.61220137361718
15.919100608220814
13.799605390712667
13.24156585588269
13.52929100752777
13.685227323834727
17.213959343640774
13.088181727001905
12.431180489110135
15.666056986126787
19.59952853625148
13.337986090100447
11.611721180774383
14.210741672121236
12.911771000749729
11.195086387483617
14.844334908106013
13.405322800035208
12.604120706100097
14.142652275977794
12.359414493984902
12.584991076785268
13.139958731731745
12.200326809727297
11.723260689407521
13.35098362899956
13.79910829403691
12.877507515870715
14.738152705527256
17.177839720987976
12.944246955743967
18.328891547435735
12.03049843313892
13.617445696960926
13.02930561353803
12.064740206502329
13.730657704062944
14.28713994032818
16.649151831523714
13.708861374577332
12.843802608044893
11.438369622073102
13.010998779228125
13.722422310453634
12.244424315392259
15.998316990758903
17.267574764672155
12.526148938735933
15.13925085663522
13.776007754856705
13.258274349942049
15.245660691299133
13.613033134114078
13.228100102550334
13.437792556479284
14.754260389638333
14.930385031856403
12.530642791002066
13.523693011296084
13.126012165518558
13.748434718064736
13.81946976247649
11.563360633263853
15.651330594250481
15.041743806731796
14.935850039757158
13.213512917480426
12.85003438128024
15.197166612252992
13.58650287627852
12.208719375293434
12.670768498891832
14.097529139037292
12.723986170176678
11.55564076824512
20.117881200922078
13.090942232250164
11.046981449864981
11.530795005382753
13.097856405000234
12.159964854548022
15.772166258903418
12.45091139353426
16.279609525928247
11.254488023678276
13.198384881215274
12.856232531159748
12.516315266247439
14.184565477925657
11.945885497956978
12.937243351588776
11.89138997429098
11.236199087803415
13.930942847195674
13.446200727354343
15.126206394488264
15.727859606055812
12.822283707555059
15.906161636813373
12.477533470289705
16.253721455810833
11.793669764842944
12.58054949744697
12.852009444730104
14.210607780334165
16.267131770461813
15.287202671649636
12.64818295955861
12.970846295067703
14.476447519905578
14.518287382980773
15.890764798696598
14.862982420751926
12.463385203940266
13.744820566307643
14.017481977013542
14.379201643175946
12.76029468993589
13.105562039861773
12.506891261207826
14.292627074849985
11.561619460489869
11.48065538260795
11.238792874229263
14.504306983366483
12.338884574165146
16.759617053503515
13.897780322660006
16.030920395994084
15.25210507157949
13.48822884827112
14.92885944755536
13.021274786798587
15.081800071225755
12.172164252319323
13.424122700571225
14.594646209340723
14.870153724570088
13.386906861610154
12.47325066949247
11.872481895556923
13.045706957676336
12.93421235911152
12.422269744920376
11.871026146661183
13.57897576566494
15.846969912128266
14.181732520789526
13.816841268978562
13.600874117562864
13.98898421473007
14.858197343861393
11.570286556632986
13.190227492617279
15.734295085980566
13.810300299965995
11.571113435706494
12.778308413109933
12.168932325156902
13.423963579843488
14.778248353460773
15.919937140997675
15.867148066478713
14.666116605372483
11.930567065340442
16.783128044759138
11.87094310537603
15.340918270763902
13.517768524978468
14.46416841313673
17.687332921356038
12.514409560205277
17.577052999532743
15.767106811350166
12.937652103547826
13.767724274410892
11.646263585009365
14.204652619076722
14.032482464508561
14.79844017755563
14.109683197429696
11.803220957354064
16.865984577524614
13.215959836349606
11.598179501284237
21.360591622798253
11.170584432548033
15.817630386546444
12.893401371717307
12.198776431268152
13.834464711225362
13.080842931554596
12.164038214740621
13.010083927957908
12.98711288088995
15.22454499957978
14.610989524815784
13.168252899267932
14.026776387464526
11.075372565036336
10.882812755899447
11.874051269953627
15.811057759126829
12.631534264660344
12.353602024012092
13.41673233948158
14.674090658322552
14.798267225213904
11.260570130423782
14.76346830577295
14.142643135312913
14.295553093852234
13.451596591210482
14.810941332706976
12.651265935068684
14.734161805435836
13.890737764286163
16.054015226298095
17.277095067775704
16.405613349062868
14.597665825867393
12.796284797612586
11.246419862072443
15.857296844574044
14.230083861318656
15.685346907515424
11.4883401093624
13.676368802415261
16.16659884200969
15.716486087758968
13.437954960814684
14.624114134058964
13.804116541147991
12.681397751245036
16.023531470325324
14.688556326405973
12.393561164604932
14.255233287027163
15.589530201124587
12.55927215216008
14.73457471981906
14.643057134938235
13.525023455591588
12.814499005013518
11.037428274340185
15.212161219082812
14.840552742236966
14.311501941014296
12.928233421006343
11.98577471606022
12.406984978903774
16.84389871836403
12.981064053347005
15.035025031392479
14.56913468071384
14.041099520101692
12.936512343086799
11.357347597856748
13.240772945154268
12.831546131144062
11.630983516235151
12.036010263477774
12.074650546402577
13.899252934696785
11.543938142734985
13.45927994809133
13.73291370564281
11.922466426949239
13.980325484212349
13.683533957460352
13.628457575979708
12.319146836060558
13.145939160375788
13.040883148763607
13.263686695147191
14.114279669122112
14.382948851893135
12.533755156653367
12.730398999501649
15.190424602752941
14.021411070422161
14.778787234241811
12.076116651984876
13.154223638866522
12.783582631147246
17.302980026090214
13.9081016491132
16.20690167755861
16.44452062850322
11.880169704355582
14.455094648035315
11.481677341126439
14.499383739974384
11.611773838735713
12.864982065549865
14.220730785025482
15.004927429595906
13.482749116374716
16.320317265475666
12.500426533820015
14.260279332401469
16.639620538288646
11.577531865124424
12.123906087356087
11.073171385044276
13.089845208302073
18.1655847999064
11.729868158723503
14.335924265717155
14.899972907078492
12.282766391134844
13.891860451084431
13.885000829681294
12.139259283836376
14.85714309198405
12.864988819030337
15.118241829047497
12.628277808832083
12.348786575796424
12.456241156452469
11.423955457784771
15.340804254771172
13.987011115779579
14.595787884481084
13.02073038761022
16.111922013560545
14.010653572800319
13.286739268293575
16.74948318151776
13.556817383464757
14.103297963780921
13.06210997269549
14.029415483202142
13.896407574892345
12.773710948384588
11.28458211117045
12.186741310486422
11.698702953487672
14.450346583831044
15.662032390062038
12.025539903528642
16.12867757782511
13.316851187744525
12.606857519255112
12.77048182052196
12.286535540336697
15.302459599763052
14.03263967622134
12.297553988467294
15.98279008600414
16.33012586685289
14.889710006709732
12.137897118432436
14.045539984608576
14.27130018579228
13.105098751700918
17.112249922048942
12.503860896574055
13.192858855786348
14.952173910221513
13.519873936021307
18.315127799089804
17.022504246793424
18.242536311979844
15.981000080238632
13.187086604253217
14.702502855844275
13.898882066307518
13.370259764461224
12.613649395093894
12.137171830469255
11.925928167744404
12.770491172175348
11.034423465104144
16.397147925168976
14.679448582889314
15.685840765518293
12.908718610453391
13.52109904416845
13.39439350519992
12.598127725915623
13.976264128659162
14.625834625958518
13.541522409582406
13.990676077683537
18.928787874767444
12.544781985177782
11.676695275082212
13.609992430976904
15.841403529333924
12.811484721833951
17.581924345990355
15.267230861063396
13.083570853275056
15.066969320208713
13.482363605389644
13.879414931408467
12.258170612328964
12.227254154763335
12.862764082584336
13.762759617639086
15.050512230401221
11.691065160674993
12.071317613241327
13.20941069491252
10.613548583006592
14.663734970805857
16.451424792729306
14.698708418016906
12.668898805209007
15.295844512485152
18.95512914653813
12.855156678912019
12.192603639833827
15.535504677307223
20.859475693333643
13.310637071033712
13.379052639631132
13.214530114799231
14.488790221340974
15.529324579763076
12.422069078806102
13.312360503697807
13.214521224668129
18.235302517186714
11.331111712292026
13.330807579832612
11.978228071564715
13.640260459557432
17.063449576435943
13.411460985759893
11.513873284510542
14.524091494135384
12.601708848097912
14.429566340716027
15.044929396829897
11.952657303539748
14.064546073607154
12.116230065422522
12.175316442085737
13.71320213205829
13.56457093346679
14.67107336648667
13.311571438221646
16.69516377830904
13.971458436363275
14.965747339913765
15.50358311973546
13.41160623502337
15.90018875540557
13.510360929053117
16.801031330271073
12.04544920329669
14.81753146725437
15.39265097082687
13.804030048924863
14.686945256594626
12.785518208605506
11.98356313254775
14.007830593468215
15.310106670067102
11.77118617841086
13.839969374198013
17.44182369715495
13.852349010360667
16.085862500963522
13.310966470085331
12.244144295953014
15.876668137687265
15.747470093474455
12.990315607722973
15.351806973508747
14.168653258650592
14.338156265645845
13.286084947421056
13.065305204003447
11.969641087016516
15.017675731423687
17.244799392920346
12.382264724806095
14.835014229947856
11.929461410288974
14.143771158455774
15.310885434154192
13.399313778603295
11.456312710658063
14.082837085575894
20.037424333046957
17.135612741486707
16.008582122715488
13.973271288994617
13.564211190746155
11.702687408243634
13.63356245790249
11.301332880945694
14.427444890227035
13.278386316395242
12.011018861616188
12.748581929307816
13.53432434721822
13.957891902800778
14.125425069154492
12.096529799037976
14.703885285040768
14.015459339662764
15.174302076266773
13.08500193952501
11.045086762792588
14.179425749153475
17.96379917264226
11.89746712986403
12.581784499822975
13.081719798988663
13.517275902825839
12.0612049353817
14.905095230023154
11.663417322336326
12.629749105346121
17.512972344674804
13.097750459701606
18.772373037578863
14.436724796685711
11.878408205120902
11.928830840487905
15.187992497731948
15.660480601595264
12.71418098166595
13.87227872811528
13.71564806483832
14.916000698045025
14.035363629130622
14.289628042619334
16.243203352286447
12.518278518276066
13.688752541427617
14.087259690126846
14.092053569203415
13.582146015496068
13.150900808360422
12.097775833700904
12.584637217237574
15.845544141829697
13.132653170055393
13.34370006604967
14.402453311997139
12.955538290885219
12.431253496406129
19.061742969666444
15.757563708670894
16.538960472224215
14.9210593338114
13.114977913695379
12.702765164725209
15.148949550209899
13.966463843762547
15.4573102457804
15.978815848838183
12.838607502918547
17.391220397006656
13.540812063571817
12.836580485228447
19.451245529976802
11.510315849404446
13.744216117554465
13.192225898954936
13.615910138378906
15.424846892478968
12.795235451202343
12.361777257994245
11.49508418911774
13.72540967245686
13.58601042703428
10.471148218150926
11.937888279090314
12.780451377755483
14.947831801435342
14.103076441745387
15.976462726445
15.144065673548923
14.185263175136683
15.534192341999779
16.320666581530002
13.253860315143843
15.742920331718418
14.708518167417598
17.878387977780136
11.823721415548128
16.89440143419257
13.447140985846262
11.422217093179434
11.817991165641724
15.190184675654384
13.805855172264037
16.950715145278302
11.595340030652103
16.367529525502515
13.462617578362856
12.590010914770126
15.846385850117095
14.516258810325834
15.54106939709519
14.28697810116864
12.041483609159915
16.3409874138075
14.98106122100467
15.573352842556341
12.46427845190588
13.063769610235942
12.931939552772743
16.047062332303994
13.23312794860039
14.08768842028819
16.130244186369655
11.370984259230346
11.617170143244007
12.402524443929853
11.82679069980582
13.825161205394158
14.799118531068089
17.857532097683823
18.33224263869085
14.309127055326524
12.504442201365558
13.357715280775805
17.562572273872767
12.735998020957583
12.318602388424743
11.550143757661587
13.181674211176889
14.842749244284702
12.489475434882657
12.266918052579967
19.484246729643854
13.414954234761794
14.459014081789782
14.05402150432921
13.797733214520303
14.533957186781517
13.500948634515868
13.597112875862681
15.065295775169059
13.883234498737007
14.668788280583733
17.13535956955403
16.77830158076364
13.087470149796756
12.166751483467241
13.03730571354508
13.12786400523813
14.61720221755506
21.800995040388308
15.341593200771392
12.223488876784588
12.700605332919965
12.528247153448861
11.644063096521764
13.408212010081678
12.291171361810314
12.051672724652095
16.067809674856182
16.68978209070537
15.720558458504518
13.34945532618941
15.683783599276744
13.596355102058816
12.236891048955105
15.204165668737689
14.650854694066592
11.779815193523964
11.96068962938566
11.899892411893829
16.052191151021635
12.05381019281139
11.940482001454296
12.9304261128809
15.232745939455286
12.976725267140033
12.744446109434602
15.15396455428621
17.27107623435422
14.681889522462416
11.740311281702722
13.814096849142297
13.69686430166578
17.76230135431652
14.025740414128526
14.198543075949969
15.64516163868171
14.699860450454272
15.117638913727284
14.171120461082474
13.090112961239797
14.584538479426847
21.234246966633663
14.428647786364078
13.743559565955549
15.267192247890318
11.490916353267714
13.60490659615757
13.309996605553984
11.474473639294356
16.1638597775771
11.693449919615992
22.400672807393814
11.791772570003252
13.54017753487475
11.864401529269331
12.21981768037999
14.823109787869235
12.038215351415449
12.537721187710272
14.193006979726619
15.052004468268045
16.746311595373847
12.889187587908388
15.844837402417436
12.509109029908487
12.711152295546697
11.83798595458472
14.455916939369569
15.769541599851845
13.607635947212504
13.177312127444113
14.189545773920642
15.536229458398381
14.045278664997277
12.259911052193036
14.262550806355563
14.375815484057307
14.114693658609484
15.520331236467523
11.125046260941946
13.58880481042516
12.659008591274354
12.586581181977262
16.18002776707797
13.825669711662309
13.555326471643145
13.14463167893707
13.908108432040583
13.474485266838812
13.36260334871006
15.647709107088549
14.210526181176652
11.388685762966833
15.507749506238028
11.120705550066617
14.58787418340903
12.859664541055906
13.146052601106225
15.405973072780979
13.625469683086349
11.652955910825966
12.903566823952033
15.50031613616188
14.027335180527457
13.057376843880668
12.264061294511752
14.042328456318838
15.809100535928684
12.940018703395406
17.026402295690062
13.883701354471887
16.370388175264495
15.156289133037763
15.608855423498868
15.004576092844792
12.21488946387642
13.249490821259185
12.309516009551619
12.110676275178548
16.47672799617883
16.31241100904483
12.315300234871124
13.891243199576271
16.495816444294313
12.04414323957947
15.022795388300942
14.983043931514556
13.36560713772319
11.903562709204119
11.019728021923935
16.141738234492806
13.742144934472492
11.260673278281093
12.598126904488531
13.15829694597164
13.01319609857283
14.087214724676937
11.554704675770928
13.707835841494889
16.76790646500402
15.347868207366332
14.405503496744153
13.69620968896286
11.7292204103319
15.066510991864556
14.369845700546811
12.68034324308432
13.81903262946621
15.283542247582513
13.311951900778094
13.875401132519016
14.658291090019722
12.745641147605966
13.62820675781304
12.07114919713581
12.541717447940087
13.31160704268915
12.92138633580063
14.431580628537635
12.794247109883305
14.97092850566665
12.227608494421961
15.444974795259334
15.269647758875532
14.412038258180749
12.837310500791302
15.411531678949274
15.468639659374276
13.836792358684946
17.897837418744896
13.658005498885254
13.749970776272214
13.093621408285141
15.111902374341174
13.650968513027912
13.858111254472522
12.052718234254364
12.065189887850504
19.877496173663772
12.57505839148525
11.978345520016141
14.059497038181345
13.247160581428982
14.4234061799007
13.083885586341975
14.183021560508239
14.563193931062921
12.422380335607262
17.502138453017356
12.984349751345706
14.976754897184152
14.028696205326971
15.094054646954078
11.938567974661463
12.560289363836903
14.19531839259835
15.697286526094663
14.756867218358465
14.914860606945975
14.928719495302111
12.56455189248101
13.173797652462039
11.607933987900687
13.386905141198097
12.07623065300128
11.749678499367786
13.11636223461925
12.229689512179307
14.22781055163077
15.96629100052201
14.310959381187882
11.96404930473063
13.019626952544161
17.330886189890418
13.06628052582879
11.985310308468144
16.229610912843285
13.198155647321169
13.041217610082025
13.288742002150897
13.805285382163152
12.481819207879486
14.18044407249616
11.71118316077308
13.569518384438872
11.16391133945285
13.092712148793515
13.522893413830579
14.320971091595203
15.670121189709054
12.473541198122835
13.541766131848556
15.521469681266534
13.112029280065386
13.4006603269489
14.587489576662689
13.067657527104156
14.553379073747944
11.582998043841421
14.05739339618189
14.391543755612133
12.56943117384593
15.55474903938713
16.15615692916961
12.17763368217077
14.903826049920914
10.5343584054627
14.835304139536873
11.636554571666842
15.717247327662204
13.701852390137748
15.861999792044106
13.261136704902068
13.369810863455259
12.695158010930236
20.348377497007004
14.043166112988088
14.372810018032402
11.784310397406298
13.883150716984728
13.083383042124055
12.439860571489872
14.775329819835383
16.140324368924123
13.132282775802107
12.76068034954534
14.07853539532876
12.117326593451168
16.905209357355552
11.80019991252643
12.526325186986666
12.634403405734302
12.267814410123183
14.809477412678644
13.344520465555084
13.402874167404534
16.80920119819409
13.65316573105883
12.16829458488424
11.586688785023071
14.613193782823096
11.085923929698124
11.980682436334531
14.813605265137838
11.819932775353095
14.192346946406722
13.492299121700782
14.397861318293488
14.656016618872563
10.666264649955489
14.900947219420912
12.776601593690842
13.72270220648612
16.94178488092662
14.075991870533134
12.715066400667688
11.536970806199284
11.548432958875022
12.248401668547638
18.415985072926237
12.03899423438775
13.253654895622187
14.756908238197601
12.84534956358891
13.555733055093583
19.39730712060446
14.12791661154031
12.963485288385415
16.884417237441436
12.98028604980365
13.972635538590705
13.93469874824905
16.948041566390504
13.728232104811914
12.647060732315442
13.279963384258602
13.680727535603904
12.64544226654944
16.482903300057867
12.430503255066965
13.22903855193555
13.4970530146444
13.159383068774837
16.333037409368167
20.116770759032942
15.797703112326317
12.237994531081764
13.941868814930576
12.976395274994537
14.55309377993702
13.120695626533731
14.49145938286459
13.861047128271402
11.784389167170518
13.651414974367475
14.278978425307102
14.308815092409416
11.811669748634174
12.298967134410473
14.239486756620371
17.916434800093693
14.910389466380515
13.57211381855437
12.131560618712609
15.396284525731309
13.166618079812547
12.86332910851332
17.56406863948887
13.550010356217221
15.128226676024797
11.156013408227864
13.228167483217675
19.26831598098053
17.42939599555919
14.695813213326579
13.432249453358956
11.837717015439091
14.760781206534396
18.556411118221316
12.483788158804336
14.935499213724256
15.375731138125634
14.932418768936344
13.997305125869763
13.348006713858387
12.501524489708167
18.047191811095217
16.566611457074906
11.405948413754398
16.3125756102077
14.738012123116155
11.883187277835113
12.170021645944503
11.472851791557472
13.335628884067857
13.384587486185866
15.394980663918957
11.551850302058615
13.948138357874909
12.980971771210285
15.025118797887652
13.803071780030377
13.462909342663586
13.039831146301058
13.64640700822279
12.506161534411742
13.417666117494733
10.130444874367905
13.947729234249476
14.070780379878894
11.500142162952816
17.46478417232439
12.878877646930277
11.653508126941388
14.06458245631109
12.926154068427175
14.575479270585895
13.609221490397042
12.148909246652616
17.43750623295192
15.289785072418981
12.91173523967602
11.68955961726789
16.071129030156218
13.691127084497202
11.18067308653384
13.744133256209938
14.720136207744845
12.46375397448305
13.753672116476997
12.478731716964974
15.142348740458036
14.161615894789152
17.89959768533569
12.05743265252163
14.435905163607746
12.090810901903879
15.061797945976044
12.495415917688428
12.487610405968148
11.894430598470096
11.458263177720186
11.716106982725423
13.815417678204065
16.180367925553984
12.721918966327046
15.637689123903662
13.185423418725595
10.878699806875217
12.754842845995123
15.557780928678664
12.215977152921937
14.233084857370397
13.083030921117857
13.34855631732596
12.6474619998999
15.876919551381512
12.3617164200023
12.340070113222025
15.883282439652458
11.837197833900346
14.823588309546295
13.105404915231126
13.83925678890282
14.466620261646977
14.595730734875088
13.71916730741632
14.686779268312009
14.092969417952135
13.969359933479495
15.30613361679807
12.243655442462076
12.35532125828211
14.883594692337276
11.800382540839646
12.108526434021018
13.841951349705473
11.67598216005737
15.914294808414269
11.636138415438595
23.96922012711974
13.284258542750674
13.709783312907902
13.941675295129057
18.62985004706922
13.769352251643145
11.203655862037742
13.429519833213767
13.785221059238054
14.656310276138674
14.281144367868844
16.560698480960152
13.324909934287344
14.115219914947621
17.01670295675011
11.410930197455329
12.280100409752437
10.997933694800231
13.99136447124549
15.065887418805513
13.513297266313959
13.150473326614296
17.407910995474825
14.923771791259572
13.156940973777612
12.054137510710863
17.615832824826395
13.085272729208514
13.873432316932703
17.004049906518723
14.040183846818586
14.792327334372429
15.862361969884489
16.50716659554535
12.208330223060312
11.805148308115466
14.552079714246476
13.41912963612275
15.144934519857582
13.507692679757197
14.628662319096321
12.813767728046484
14.242291275824984
12.463178978219009
11.615471837829364
12.193542370550702
11.590426854330387
12.913698779297468
14.388568437358911
11.367425267059517
14.395089287465066
14.03974680350805
17.311931685348036
14.333950641579515
12.803834885271037
14.637487320843283
15.579701910293014
13.614644539147644
13.852440003577795
13.849985644158915
11.763498593770123
13.740967189306422
14.030669266445912
12.286143798453047
19.08322485286792
14.026312566195717
11.220762157729828
12.084746759606881
13.120128254664728
16.81855761796723
11.886995998901988
13.031976603186045
13.76770132463778
16.160850672451847
15.021398355135345
13.11091034268151
14.163316032888337
12.263089124162262
12.179569197678726
13.778793151278537
13.230134554124076
15.530832449430925
17.279284149519427
13.099192034863169
12.307471511825822
11.815705649834285
14.419352814341742
12.435876678063655
12.22461803642935
15.249224914831704
12.239181229905338
13.778583658494014
17.356537805989447
13.921298493177847
12.382222148114636
12.81466413001382
12.476082286668134
13.03408530676558
14.298205913464594
13.487791084834207
14.88232170484381
16.183810275617077
12.477978850575282
12.704663761048703
12.652757873506909
16.244727143155878
15.59113170244002
13.84999296046442
12.901264797733791
11.879875887499987
21.525386336615732
20.2380869169432
15.222521722462368
12.657241684087893
15.638122516732151
12.298643169536291
12.132383332562037
12.974217282347524
12.424842658009663
13.254743703274501
12.62905273741838
15.713666223426195
12.081575501226293
12.387335620041661
11.343692824298918
15.611546036470154
17.373684485534366
12.768111471619974
17.023823802298
15.519467417622064
22.47524706020797
14.068718832209779
12.239718882135538
14.630269832152752
14.025803921041044
11.20772890102377
12.687505875799998
15.009100659556935
12.774170217618563
14.916643625534617
13.109076561802762
14.338139713282354
13.977165607968189
15.50904064149454
12.959184556907308
12.550950805755216
13.818811830641398
11.750589209852976
12.151566957836014
12.323200373872735
14.401000533745764
15.231986396586219
13.318624282707901
16.067817010946747
12.330382048622567
14.646594959332493
13.080268765189746
13.030930117845292
17.992676582218802
12.369764914027417
13.852813236027107
14.780700676329035
15.455698257901966
15.9552910213013
15.347426957476937
13.36302424993825
15.549231491695666
14.541002665260155
12.207398528573304
11.329416867739745
13.541203755555353
15.615318195772822
17.429228168077678
13.013743772913209
11.561104848807602
15.823025525287896
13.738865638973023
15.409223868870338
13.382059100769613
15.492801385893538
15.155832933540474
12.479832868580305
16.27300710789351
13.154216189098827
16.802355524118514
12.648856132985124
14.417024322093738
14.382090341385922
14.479918129578298
12.72819504458348
13.214196499799408
12.504994298950125
12.40115771459607
15.320012614187473
14.22253799823584
14.864328450947347
16.90046471135318
11.711864517276881
17.306282397903118
12.486789610699994
17.26212496286375
11.358500410246048
15.782449229819042
14.836909125352076
14.2908198679239
11.136636296474896
11.49578487508671
13.645986518299871
14.391396579342697
14.08554166903851
17.240193572090778
11.944523499289067
11.353312991051105
14.097505325602988
14.471939024726758
11.926043841194275
11.921289701969283
12.675252434879301
11.643013722762396
14.603931809133124
15.434964437727544
13.52687581816444
12.615858657618444
13.535820475765703
14.739892630301057
12.604031741393356
17.63464274698864
13.620462912518091
13.328996113041667
11.492075314892872
13.780033491635447
16.690640674186607
11.539580685808179
11.28601606568557
13.777560125369599
12.819681575515014
16.033271067627616
11.659474169956328
10.86566128422681
12.475700810580404
15.051332648143655
13.121091943533894
12.402967137251538
13.753499080427074
14.410072223759418
13.77415986169
12.567976643428786
13.64432586218591
12.234549060089682
11.89903550414145
12.545450977135893
12.056063700022282
14.577610517590887
12.04535569650514
16.061150936383086
16.01150862742825
11.55308948948397
14.838891439509881
12.644927822813466
15.618589976714162
12.347947237010025
12.24366458254452
16.068352809362388
13.622511665037498
13.117539801138914
11.97974017010822
14.656094917116503
13.897362432179047
12.915924375735552
13.443385612958794
15.119238294848106
12.042668499228999
16.143451317000682
16.0937964522681
16.213401075995925
14.756841435060574
14.66693802564379
15.727330006753885
12.032064100741481
14.156170400861445
12.11257896823357
11.495934880255227
12.22621388863065
15.400919391178254
10.861146200420166
13.471078108913202
11.77207111515097
13.977804505878506
15.28042404775316
12.553960599993886
11.873302768332575
15.309722817996068
12.793307033018799
17.936887740560067
12.758553975643196
12.968864377065973
14.40907859946675
12.223075054746836
13.86804226085468
13.469083448096505
16.12886537887003
12.934753491548229
12.684231662609442
13.246605127261804
19.73147329048791
12.663255619936661
12.342770536434948
14.2704942590331
13.226217288020843
13.253334592154458
18.998783228405923
13.537747246781828
13.418690658306383
21.798082809003475
12.699996374722282
12.796410085257348
12.537559223596151
15.011429000783318
15.129646508419405
12.239559453973442
15.838599856966582
14.70443009899251
12.174874216240571
17.079826708955608
15.137260182804381
12.630903715201319
11.799536722242989
14.723795011997113
13.776971717805427
12.300842515589212
13.264185096437023
13.244564889205659
12.97475568530232
16.216007111631782
14.500204042427121
13.86179659226068
12.230672847310027
13.655280217679412
11.145453911957603
14.43142085844295
17.744628315884523
13.540897684200866
11.372273412944661
11.61646514678536
13.983291485883774
14.215225893189448
11.926850707270445
11.74710225546247
12.978387480830117
12.66017447017916
14.625476991430771
11.89389419038485
16.737663907087672
15.359692338808216
15.404865734148897
14.909423014466334
12.589783544007531
14.703149498440643
13.606127482197733
13.133797981370204
13.73945110472549
11.899515191506415
14.923728100180913
13.201597812565819
12.8737780873469
14.206112278551458
12.418986781521454
15.730258753890066
13.882892266692142
14.599892549110209
13.79433386160284
14.766632652980569
13.546158075523653
14.023025844612405
16.075069847658828
14.579882596073967
13.828079599681992
13.316067258023567
13.983853198192884
16.87415048497246
12.495884728766402
11.892420452419753
11.873095318898837
15.02088474523039
15.461217721543779
12.002361229754236
11.912616959775796
15.322800618662239
12.310038117615619
13.161949433805137
12.106532886908374
12.19049426146611
11.706353248484715
12.07642585947189
15.68747971219804
14.837110216898587
11.661011381290947
12.210669724705934
11.627884268820027
13.818371237971602
16.560420884371503
15.474882941759747
15.986399631259054
