17.11026486569007
11.947985665984614
12.900238901797163
12.417971800226177
12.640711063580138
14.339740178850933
12.010405769605237
13.609474298134545
12.512480999298374
14.952809189779627
12.586694263790765
11.867771814815194
11.973776960410243
14.010084418656948
10.556463005804266
13.780753955237008
13.63574123105864
11.059166719987854
16.194699034785497
14.090032952240607
12.425488424105904
12.562947777649844
12.586096280222632
14.087748396900771
13.010389458315439
11.750898585530924
13.149415482044471
11.746482083793827
11.233933310081888
12.21153787458221
14.22020340791868
15.426505529462196
13.229582358089377
12.076955798781261
12.005252075200744
12.350323303895246
13.443328764381983
11.078507276404162
11.215563882470933
11.899168032458043
12.898937349508946
12.920690215728431
16.845610758423813
13.028317387013868
13.218430117842512
14.276710133178444
12.514355931861035
10.715269485337995
12.302121195882336
13.199177427772327
14.880662113103986
13.652039790293822
12.794642917123888
15.98854034888168
11.123809823489262
13.544311540254471
11.091834392493261
13.097292956851323
12.320063503404251
12.6370183061603
14.070663823648868
11.845799617188002
12.867667499886865
14.62051595218256
10.910014371828405
15.02422669718943
13.756781121328764
14.055039293478838
15.87929185839763
13.916422027550214
11.812196298447274
18.202978504642633
12.98367823598995
13.976582710017984
12.920926685404462
12.380618797546447
13.676066057096257
11.94317007700271
12.019898736778705
14.599707788236532
11.380466008491284
14.68891546874359
12.349623177576591
12.139535305318839
16.842714701434915
12.679321098016795
12.230942684387578
11.213192243034452
15.342360564728066
17.58322203563709
12.359591327876505
12.824884929756035
20.42255683848169
12.145100168809133
13.008234700447787
14.345161566415129
12.074749231054238
16.091642115082465
12.361519327364839
12.958452327850635
11.009124823212648
12.748793314212508
13.325986354873727
11.381755990719034
12.135968022503267
14.32715243457901
12.519211544886856
11.98234391415506
13.701599413316016
15.054880384612229
13.445103151860662
14.21430098067332
12.636967759732883
13.867002465152119
11.612576458461572
16.407774638081282
13.799127257571062
13.580665195395941
14.286365300022755
13.506086366334415
13.048422809358048
10.42164635291108
12.84264554454928
12.66696820900653
15.183818554695687
12.757713521874425
10.904121381758785
14.915426433804084
11.417820099010962
12.890435928093668
12.361847680386008
11.706939868136526
11.957142188874908
12.837850715575573
17.13461057084082
13.070980144649404
13.24797649769923
14.392669376709527
11.915754327345823
14.239441210637441
12.90837864371759
13.278614307516044
14.395933156380563
14.181219638016797
13.038541771627175
13.49737408677279
17.7786861379087
13.286512500021166
12.14579128333564
17.21956463728051
12.069075394977112
11.586575416968348
11.959841315023516
12.65709579631771
13.737357956560896
12.800393850484344
12.284724390314576
13.42891097739277
13.100933849575444
12.968551628976385
12.011557706672463
11.591149709201277
13.161610476515497
15.401900857707869
15.226784392939656
15.021991717607257
17.26330728181538
10.539197374958679
10.941986100328641
11.57621319357851
14.356163901702617
14.304421890295542
14.258259745954696
14.477761526847841
11.542386160442888
17.618085115126615
12.861938818193847
12.424504478571757
13.022098104493583
16.849721475041697
11.42120365672451
10.827656430372587
11.963325127611038
15.48912377657068
16.1218660256687
13.819601536893307
16.04271893842705
12.499237997465976
12.77466095759536
13.570613172351692
15.252361865942564
11.623311972072443
11.988373265452505
15.0054708208149
13.733482254551147
15.210384323580065
12.084408324488566
11.634167910147067
17.483797952651106
13.30896387756695
14.67562488743385
14.755477755707977
12.487033226623844
11.791169303777313
10.878787769807216
15.553011946145602
18.695205500602803
12.340481947315942
12.733597556604678
11.800536966608943
13.767033980661584
12.191358823476213
12.39093458087695
13.379733686228844
12.117192645063332
11.51032958028222
11.242409477688255
11.686272927750027
16.716082969962073
16.649254954263576
14.973873098497169
15.520852628885356
14.743128064479217
14.869572579250404
13.942718353871152
13.058081499179497
11.030551521548968
13.575715896173769
12.410150817438396
10.521277805593254
13.6003618929191
13.292949540440222
14.263129718069262
10.91043484523171
11.81950436185853
15.6986677949239
13.854441678984715
16.958694244693028
18.688233460635708
13.279329790587159
12.465383442273714
11.780351811336441
12.554448921896524
11.758144550081907
15.968377093771112
12.063363670792516
11.661358753994094
13.790810702282235
12.69037083796037
11.9107965177477
10.488322024877721
10.929029796688852
12.754522650962745
12.152036441646091
13.310557317335629
12.673769146679911
11.502674055902899
12.44823553706875
13.938614022271754
11.341945769325239
11.642606942129751
10.691485057918776
12.065777166117815
12.750286314808825
12.475896494846262
17.06825411390469
12.604099804214542
14.191542532875864
11.098225699282848
13.957212140718942
14.452614066169772
13.208537021000383
15.197790332892161
14.204721195244474
12.582563321940759
11.143504983614813
13.524429717319176
13.45405093523101
12.27305382360447
11.684792890243136
11.847439478401668
12.8129793748954
15.030314064506747
13.362978639789699
13.48676356725896
11.177455258624446
13.916293428446469
12.366586805986826
13.153909725371246
14.650287054243718
13.611066186784358
12.039116756812227
13.297917386641886
10.965561584769286
11.657598882527425
12.2398949025597
11.81729494091981
10.676081071424742
12.849247651116707
12.4811173394694
11.384080607879293
14.26105381489642
13.142044284933558
12.764301545929936
13.769312558226115
18.639018750355007
11.674868664001501
13.301816391176446
11.24624112643026
14.375172159512848
14.102822434276753
11.208158656994366
12.142710035108655
16.773980474892344
11.836247215828003
12.667925132960146
16.62676335219852
13.948176319636442
15.614469473563632
13.301689895808309
11.567562740334967
11.942631633589778
15.024762971705846
12.790487146210896
10.340201483428906
12.927817234630472
12.078097093139709
16.592693810623057
12.642924279125118
13.097773543441125
13.802960738019
13.400559411846945
13.979056945962835
11.603474064073323
10.84121920897006
10.289193728425754
15.741836933265974
13.49599860665204
11.012791298655486
14.704380715541875
13.329912782028941
11.039025643000205
12.580702700406666
13.816609309899885
11.090276706462145
16.066269258105937
15.207325053859808
13.227609518504769
12.506312598972803
14.658461315959933
13.17527553266875
12.800703881712906
14.475732415820026
13.620884029624584
14.730656144581664
14.147273701424822
12.99387155130664
12.69988014097125
13.513466707529874
13.11936902237932
11.93991479899662
18.187907285810887
12.053988358289192
13.156979357479202
12.265653598255318
16.54014756199781
11.376307900840152
12.74530637457835
13.699165839128597
13.279133815174562
15.11437862754771
13.312683208609924
13.481781404165755
17.342364358568258
17.5562218320757
11.663667082068624
14.057056381367735
20.357655902849178
14.77858841741148
10.322080186437546
13.855272123745252
12.332840858500955
14.54176054128074
13.034499660585
14.440558022207968
13.315464541693332
11.28930354472284
15.100065303886856
12.771902517167943
11.966517390588745
17.021172069549376
10.580309547481745
13.487075599217334
12.803149480638215
14.94694289684782
13.056895112225025
13.958102364066347
13.273488420505801
14.205164847979798
14.421999151986729
12.227355793371514
13.695161972806087
14.953049734294455
12.688736957187848
12.66314608219444
13.247449641333876
12.163031216486205
13.416374539481495
12.645277722545547
14.19895366579943
11.140921017478805
13.08543846648033
11.623012682056956
11.164309691944487
13.733178759320104
13.308661066935397
12.775406185534651
12.355594425645368
15.080560563925015
12.102087513255013
11.978809003711753
12.584250516265387
14.362476948523774
12.042332167710072
14.150297984864304
14.200586088019257
12.293847149960413
13.248684021337555
11.741830025199981
12.229506873527928
12.774733483668177
10.6920016790008
14.59115033460991
12.071536327975258
12.287432002087499
12.004473408863669
14.103231162569037
14.102876279805795
12.471659891750988
15.677979777855374
10.96617258822187
12.626155071300824
12.274518185211827
13.692329120885109
12.139525029498492
13.065646718603015
12.302588087529791
17.413325416329855
18.89931561917028
11.502000830750095
10.696566304641104
15.92469426166191
13.679510355774537
15.271367420918715
13.353824604701238
13.01013850091863
16.59141546591762
10.890970023313688
12.508987789977802
12.745046167753747
13.240398290152067
13.286080475667116
12.562858044164683
17.183564877397256
13.388913567286362
12.96285349605375
13.530321084981669
10.929096213455804
11.897038574159804
13.962455277496385
10.393665707196524
12.494355789944123
12.656406785030082
12.636502671096991
13.11876706031804
14.017647834384254
13.65222029925318
15.741429931331773
11.704010598780668
13.108377314907633
12.739346980261075
11.59149744615218
15.18998356316246
13.88643310307369
13.31019260083191
11.268711245783843
11.367098498713712
13.318147207467545
13.39414615108928
15.1700039266248
17.361484026711363
14.786197615182303
11.74893676102261
15.369365527445678
14.893424474330512
15.155998073549371
14.104304613515817
12.353452186459762
13.372668389987673
12.105686307606852
13.433880840230305
13.359408511072184
12.67783744096549
11.879124427099821
20.355889081085767
12.624487777486443
13.535312347300417
13.455224283092345
11.225426002117484
16.755540103379513
12.789655200129387
11.169370672964048
12.034921440386972
11.675982242248228
12.885060204960116
15.02033196863314
13.32906309577652
22.139890270153064
13.96197528066866
14.177465481481931
11.55625482293218
13.009446444683439
11.809404892779662
11.376914944277294
11.90498668710443
14.865166685227212
11.800055455554322
12.657649007214816
11.694655559644282
13.772374014390453
11.60463249659152
10.60770109179757
12.749745069407105
11.164632530941361
15.55480382964509
11.332129128152713
11.247633435694468
10.243275634652253
10.730875543038737
13.830837232902795
14.859384228006247
12.14308474345966
11.705169057985064
16.156455505805987
13.06964231261103
12.023773170659537
13.292652105448274
11.221764859008285
12.072626341336958
14.692962693329742
13.299576246230236
12.234629900516614
15.143735451377308
14.562926813380349
12.44938839727266
12.090599742354922
12.10557267613685
10.838885584082998
13.874036844789332
11.936601577090267
11.79510146466361
17.395411836130073
12.2123630668618
12.004938947703717
12.890580661846393
15.161022525804503
12.659413669641145
13.720447175662205
12.977123054801766
11.88048403467414
12.556167342268186
11.419481411522224
13.272366020046947
11.225850281487311
17.937737385508715
13.066564930686626
12.583748756700697
13.23799849273641
12.278477056896726
11.17289318462388
11.494744564491327
13.775742938227868
11.562917554511213
12.432211026342816
14.161558846521164
10.408058283545401
13.52871792241623
12.581367750969568
15.776766849917038
12.058353134790407
12.517817369087048
14.096586652049897
12.647368789604663
10.977149737746366
13.155081393493711
12.469960884715242
11.902555886320847
12.3633267770544
13.028530941285938
11.789444793220298
14.671127548088148
12.540840652303974
12.250706379534256
12.380890112625753
13.237373537924087
11.061432320793108
16.163176566988135
14.777450281293389
12.390510658471701
13.272229247335298
12.597853674685373
11.857830121727151
10.92534441694927
12.559225521293081
13.352873486137854
15.290458612366864
12.339872384164753
12.396005565388313
10.91264545799199
15.349289307274777
13.056332091295253
12.722831860534772
14.158991875405274
12.251705762865209
12.156508086977595
11.050709496978769
12.289665169476063
13.36887594137804
13.198680849852686
12.673302561208553
13.707612433193342
13.495082837521652
13.433172112893935
12.75019812582074
11.360277095081347
14.862517715736425
13.981130501905769
11.329409974534027
16.317589774477188
11.40934015860924
11.613606435817642
13.200284493802627
12.256676090209101
10.263939090897045
12.748762224783363
12.73542231546192
15.678748619469106
12.836118975336237
14.771128653139202
14.536749147401531
13.440942808672194
12.97158611568589
13.466752482394007
13.25102228115289
12.951842279004895
14.112164306136847
12.262443954768083
12.352765477217444
11.972920942741501
12.27912225119616
13.886850977468999
12.044275831794412
12.083303607131139
14.06082162302139
13.017336567013585
15.837111958229901
12.809467216555554
13.024414494574462
13.029665367633939
14.846202987774596
13.357693247876227
13.029371138422697
12.149448158349044
13.53164401660878
13.85244268708441
13.038021407097528
13.4294558401779
13.162445228467124
14.392508958596151
13.889112750698937
13.025089131665071
14.173697930973571
13.313136774668667
13.461464755761714
13.960873685508897
14.04365747204309
12.008666253643103
11.943128908090904
13.397045056281035
19.934779694348578
14.28862497100488
13.177327853958015
14.590203844407831
12.501359378875126
12.543325854252988
13.716778130453134
15.396542310525357
14.342138967609234
11.212812694386548
13.558489874021586
16.36653557277882
13.55660245428655
12.911166372486038
12.326810423521023
14.750668954542784
13.627789468780197
12.854419982180746
15.665802239769668
10.595761991010248
16.308338544642627
15.536053996854207
13.405442752284007
15.449000237981156
14.950980838101136
15.122562073535898
10.842475856340581
14.338150168338244
13.64952133583547
14.189846954379314
12.015507000822456
12.803713072805092
13.047043410523308
12.45926639708926
15.397381389799293
13.821514913791935
11.900041549345849
13.760380705676663
12.621143621709951
12.075248782226826
14.009327878988248
15.856908074567047
12.825792813217605
10.641154232876044
14.280135610119004
16.1812376480811
11.970243430728015
17.831166531716303
15.90468889872874
12.396045009836751
13.659560797231878
13.183264447068668
11.737661065831356
14.717008333424246
11.893155404052624
13.030168487891824
13.027883296368163
13.55299866580047
13.43120487090701
14.464485329785441
11.268979021964295
12.712742053529704
13.352722001565304
15.51469232863803
11.5776428598242
13.761948672347328
13.5682408773375
15.281372934661357
11.601833919208978
13.988558078281777
17.02977492040818
13.45502754986954
14.857323941000553
14.868984108949187
11.162446456530297
15.513347514372162
13.960043992712187
13.796533293151514
12.061701486122631
15.239863850230517
12.805651949092702
14.219463303070878
10.730927919636233
13.115024962791201
16.413454663829025
16.952726754645138
13.6117519860192
11.787085221749493
12.347404643383696
14.577588088507106
12.689776299553934
14.00653677517123
10.709316673173202
15.692240081912738
11.745021613166156
14.332355899862245
12.40392207790926
16.43386793994784
12.53354040010504
13.53678706827517
12.973827954514444
13.702801978926896
11.751520479427203
13.4408082156833
14.481809300203576
14.522844510540535
13.529996127307987
12.652826866559488
16.11059120408292
14.056602491296333
12.311030761791322
13.792455610871595
18.756048100463815
11.15667825332037
16.271555053358405
14.16640238562528
12.034659725541974
17.948397529788032
16.152749488126982
12.764996102198097
11.89393413384707
14.524513988128492
13.072940174369755
19.092131730037075
11.973603271052461
14.839666175376562
16.54828623403239
13.856914097267463
16.339068625442188
14.125038347412422
12.090013985956018
11.638943083025664
13.471841083843753
14.495210515290088
12.102019270916955
11.817193296909354
11.728319256110936
15.70156738855497
14.834447532923454
12.403467079682116
11.878736202467074
11.604995916761546
14.544860413323164
12.869351429474406
13.899658241872508
13.811795488575733
11.385691826818828
13.500535404923143
15.167892487411832
12.290845519334503
12.601286533890086
17.234978123100205
12.7420353132608
14.357723318801652
12.935871897079082
12.48019265617732
14.052667632595027
15.728178604661803
12.458413934185801
18.679349061425537
10.158538938974273
13.324339723055502
15.583781581634698
13.505322728082875
12.134849221355443
12.417586612175581
12.461920642993976
12.959346678543293
18.253560450951042
13.669719578353712
12.984094689466659
15.980476112064874
13.732819326801302
12.240774232083773
12.91259858997854
15.418427326023991
12.789956867125772
11.981190064009157
13.942588990098233
15.641807227232176
10.242215557995776
11.29971658589807
10.963571563131417
12.517870415784435
13.400307646364999
13.487332758224063
11.905655124612933
14.560869365802702
12.978609040227692
11.326306998038024
13.8638925784993
11.485152452636342
13.314293160194051
14.997304817450377
16.04281350730908
10.43657116696063
14.865601178637753
13.048540477197474
15.549142038013887
11.509848661561039
13.901002234082977
14.952354508604234
11.942086134562508
12.895762380377496
11.542471465940006
15.028325239495135
12.194072349725245
11.716528165606142
14.100755268317913
12.644535842582536
12.477161730708337
12.08310366574933
12.99608716514148
12.610356396803997
16.690596673111816
12.680000296773493
12.207996292060182
12.044973033754657
12.510999616904044
14.08964681933431
15.600261795046357
10.9733140928682
13.666826341750298
14.710760265536994
11.928977317156104
14.937281567960964
12.277216746052598
13.753185509757934
12.214830065895319
12.23751533843348
11.613266244423144
9.517490736644937
10.989760398650352
13.189054964379551
12.709265741095042
12.980184330712522
11.389526981474404
13.081289245594379
9.933414274432502
16.208504040215853
14.14015340591364
11.29270414297845
16.645553518285702
12.225381734812773
12.318324042157617
14.157779730379099
14.488864751739047
14.559747258288027
12.158948030016305
12.681353522704363
12.483261657509832
13.782968280499157
11.879869148185575
18.048146368658443
11.201178701389486
12.314206955881541
11.56269257751032
16.646015669264703
12.985643649094675
12.964457672873557
12.702720376494744
14.888022597971478
16.337079698911353
13.222579764408135
13.003022396780572
16.853328341166662
14.967295824610083
14.61458083720345
13.70807394888931
11.119479145473683
11.894959006630762
12.183515906002837
13.585846390357451
12.622532621885274
14.985668047212386
15.247681663463073
13.035699570711387
13.50189562500901
16.01308627777866
16.928541373826338
12.280971034484388
14.736180288878034
11.716596074855833
12.899497777666188
13.178236333724707
13.823052074410514
13.307270753746812
12.844074752525612
16.178428529985652
14.677218028708928
13.323620299906311
14.162939789834406
12.742119064024683
12.459094089849982
13.92761675631707
14.500308227257975
13.502974600102732
14.553541572217357
12.542813966941953
11.681452811598017
13.226246932892817
15.706193906479665
13.715867543342345
11.507578666454018
12.625052044087086
15.749595071604933
12.89257502743771
16.641608508753432
12.852390417352527
12.053897793692977
13.781273835546113
14.751429799923415
14.154153261970057
13.47751840726723
12.45428661895122
11.711573077807556
13.084260761272766
12.828410662711843
12.408281938129637
13.516226380491693
12.678720317376083
13.15532974776718
15.96660360838652
13.589977233399503
11.943227137336592
12.312849767453855
13.1818806716398
11.433580821076763
14.183614567744591
14.836705053970771
13.098513564526938
11.84827427266124
12.264206362677843
14.804142115981158
11.469898082174295
13.696614167977222
14.226024678500943
12.213010562773148
11.663315268832323
13.82837056581614
13.062035382299124
12.007421650370272
14.098564920638402
14.311009358423133
11.849517146616346
10.103731841608603
11.158119840662327
13.128124616229963
14.756657507256294
11.610204160294384
14.73853692217739
11.71607733883979
12.195579855995318
14.266180654819411
13.769221929176734
12.41217630488713
13.720938475904985
12.802259229463228
12.334454657532094
15.192202500145203
13.20797910467712
13.02428144552085
12.558773373313372
14.817231118553641
12.929934641890181
12.7395434111345
16.057285701434648
13.411682899359787
13.520885346437126
13.700855164767567
12.785822680825984
14.111812338023444
15.044543607908263
13.031578879008347
11.674878718648142
11.015728604323394
12.128447231852904
15.28770949617843
13.64409958725904
13.652647906559954
13.811963197212885
11.142185594989844
12.680537830814046
17.33892184203992
12.254503909224518
12.652016560625855
12.515823082986287
11.532137105304017
14.790448488866675
11.495715506380604
12.374031685896828
11.741966930898545
12.343639065606622
12.003442248588005
11.979315772681744
15.14900843955535
13.679017278582805
15.767603567841725
12.689485771640653
11.33151971632079
11.852896544947011
14.662149792448771
12.54419320876823
11.82203187270365
11.231014320185519
12.41562578964482
11.003782589176275
11.88635594638537
12.714410014927864
12.34064079057963
12.085568090157718
10.180460911308899
17.788693240971817
11.266492867572882
13.068468776000238
12.200105985565449
15.936026184396267
11.998245565589995
12.381991903587757
12.83423648086957
11.243698778918604
12.89626087903575
13.169708313677114
11.73352847531323
17.484145075268714
12.663571207166532
14.638737931702838
12.793357916376646
12.562014087777898
11.188946063802844
10.871366756653686
11.393809058344761
12.139019062666794
10.770966682233633
12.425334560324849
13.01860904446821
13.562914747768074
12.541950053956253
11.066493721273948
11.595344842855354
12.920354666560362
13.243928202036589
13.774333061458332
12.410194742170162
13.29105881083962
16.488772502450967
10.746295069236847
12.983435370586587
13.09549537349356
11.607870101801975
15.594187775846974
16.062801792324358
14.607267498300123
13.361711947303897
12.244378886996074
12.181469627769674
10.855910951440135
12.086854655142856
14.675473255608464
12.758230796720428
14.14812508026331
15.199938607175966
12.177206629473146
12.494076023430878
11.883195412963428
14.05951393423042
11.557248900685689
13.356182269390077
11.27055740017721
14.839551722855031
11.719023176519507
11.255081217051957
12.855224617949345
12.731822065047607
12.16912322305245
12.366197840532262
14.443967022976947
19.187308343093708
13.824211782301521
12.866635454399825
12.427453671392625
17.61967984124271
11.699785434284914
14.245103590588966
15.51704111633897
15.337711841488247
11.07758703354776
12.883593141821997
16.172311225033244
16.174960956073864
13.843327147528608
13.83981324783432
12.347104517482812
12.48298939590462
19.671898336667972
13.419123291452934
12.648058735099731
13.558406520697464
11.451318271512754
13.872565877222348
14.541312721426237
13.677846123911477
12.890950856250512
13.397003876327583
13.83301131665067
12.200750555811657
11.52145594901759
13.613383679809038
11.7530162553318
13.655356078746372
12.590304507945547
15.758870494884455
11.31696057910424
13.735247567891202
13.408907830192101
12.35354334968565
12.429966793081066
11.612966222304825
11.649621504955787
10.27624223487544
10.931289418790051
12.159789597114024
12.672668864520336
13.368653586498963
12.693417486599134
15.15046528753326
12.636268024051253
13.368648927897244
13.0135121378819
14.381874623320645
14.26351088720662
14.596520243614378
15.910332871831764
14.761627636928342
15.89583889006685
16.35166868062796
14.224120778576024
14.216806345872874
13.232838391802538
12.65748214820714
13.96802512540417
14.37645360676446
13.040068285182018
14.742346917614446
12.229778762801404
15.318005445075212
11.744884232792325
10.681504402451441
16.839599095607483
15.340206110037899
14.19443808333412
15.329837936500253
17.55935043973989
13.217448373396069
14.487836467803058
17.40228036850257
11.986734814190228
14.861001027455139
15.52544405866042
12.172925751407174
12.277553824010793
15.002528744437504
14.897872526175618
12.664472595076193
12.591710163126347
15.224868535115961
14.187839221286989
15.787176259269904
11.385605714382997
12.338262058739783
14.6630891388246
14.819157004669126
12.279714750603306
11.45491368473396
13.348130423985694
11.76759667569256
12.121916079945452
14.910527977297
17.15974895292824
15.680094158615509
12.070634468037786
13.838125733533168
10.793215002038401
12.003706768555743
11.240217794616894
15.288567723212056
18.699254100378184
14.55330221553267
13.707733733151038
10.530845358940748
11.95474079985778
13.657474866949755
13.868075441573556
11.403878996469906
13.353694952499717
11.517431116465659
10.770910945596958
12.908596568808967
19.08846034558957
11.830919544043942
14.227631639943365
13.113514399027848
12.433420524323768
12.779791839328471
16.776804090367676
12.531365745946179
13.090399198415797
13.101011083240806
11.243330680672292
12.751191126163624
14.855753184211032
12.415540616271718
14.83412016101322
11.561110640620107
13.243551789351168
12.909889921267968
11.86646153819887
13.995890485662596
12.744665815354661
12.52876301161735
11.54054606325391
12.245869526160302
12.520605470885634
11.38711781383173
13.404437070739798
13.289484384954452
13.231798682474547
10.497064436959782
12.893226240228339
12.383301277182166
11.970956035889035
14.422879753549019
14.368300757362
12.612348263811743
17.501110639583807
12.984311189913589
11.361918728068446
13.001757582495618
13.205501272385
17.896250478160432
14.15231136615841
12.7801498955211
15.051292207925117
15.166059204301991
13.060046099265758
12.848967108760249
12.41080261899836
13.045594355475528
14.029926976461137
13.320170466632185
12.807445016157065
13.407984910414859
13.08321538454662
13.267207021741472
13.555997262048024
13.13010748158028
10.347630069474066
15.138391077192706
13.125806903599841
12.366135158667896
13.273336046747179
13.821583257338073
11.603167927150745
13.15651329271699
12.066965245364093
11.138632837076635
10.89207863826228
13.548044784379867
11.979708716284769
14.163274277568282
11.390667787514554
13.604250531504377
13.321190202708586
12.508312620487844
10.795730205536767
12.512809088919553
12.194471830263904
13.746229613784376
16.80321582920171
16.45166964556963
13.308707582304438
12.821600464000433
12.093613968133093
16.040192033101984
13.445281188887298
12.790097886513436
12.622509559943854
14.5061500597685
14.702384325260695
12.761882123842627
9.984519256410671
11.879868803959484
12.51832818708827
14.075517074448738
12.418438399812626
14.130957294460357
12.669307826400368
14.676796129952164
14.817311906907031
14.423177660270612
14.92423722899805
11.82086337840845
13.086407976865388
11.598935951154862
11.91931180184909
11.43664982185425
12.425287269611394
11.617629332030068
13.752791623394417
13.105035128264035
12.175417883845377
13.190019557261678
13.392890005575634
17.350800900909423
12.83522023539587
14.727490527324365
13.16074750682702
12.957469160256355
16.74183777559241
14.022578407530334
13.707327295286227
12.093168521900843
13.789278063978157
12.588523893752507
11.578364699552502
11.026854453209287
13.882879808334115
14.331289730237337
13.483943250827112
11.529733048420391
14.404871275536323
13.167411181632968
13.223863744056652
13.01738997974876
13.630241692835465
11.956909445453155
16.11785618999242
12.29119844502134
14.606208577839492
15.993660793354541
14.09104774919274
13.944061351625356
13.934304784283881
11.819748707301478
14.182614431734049
17.14588914145186
12.070724633465606
10.86665459236395
13.318634942478354
12.169961808421442
13.472074438541751
13.328639283104286
13.065479485932727
12.890958728345199
15.648933414878016
12.570854305537205
12.257561514413679
13.905822423040005
14.183456179624159
12.624356666154759
13.024410092447962
11.75890780880041
14.068600410368608
11.91648257805539
14.576165346812155
13.424674170537696
12.15260221461986
15.001364222987247
12.418737511370574
12.576271519274439
11.925501039334312
10.145052886830173
14.56247372094197
17.00422577876967
12.364413444916563
10.652107616300285
10.706398412719071
13.564657598855737
13.002274564196682
12.050190065957986
11.531902066902793
13.61094632083111
13.610267542462214
15.599698541477506
12.748007158524924
14.969314819627868
11.02527441895429
11.959889307250691
11.77101892304356
13.4668639202502
12.151241150419413
11.465170837200294
13.098642616807297
10.766879388972905
13.642802071606807
11.245150588517077
15.46674693002416
12.966705915860901
13.81390410981322
13.375251155991874
15.62759898956523
16.652471339682496
14.120418356498568
13.776567231856513
12.727394295684565
11.723481992023846
15.375142519738437
13.62141941462186
13.568393897453124
13.452861679053491
12.012095559632007
16.3913160926942
15.57881764534077
13.006810226850188
13.800642965590555
12.151764113147443
13.153025888933662
12.01466273340347
14.986271378335413
11.832526282097046
14.417888861373466
14.116158504267016
10.737896220903188
13.148860917435035
13.281223140431043
12.035527568229403
15.460323111954661
10.767034249422531
13.319749016082966
11.598490459403981
12.159366698595747
12.891631400909091
15.7866214564296
11.793448605879354
13.21001600801492
11.316401944409467
16.680317421945542
12.557457920919628
15.653486765706798
10.909739594290958
14.189022578958681
14.714599806446028
13.46266317727743
14.527051045444882
15.080440202338268
12.483139251514853
13.256055910450954
16.02340779306265
16.706713100579027
13.307241051296515
15.030163084865778
11.676185386528367
15.008915535213786
12.499825593095432
14.499300559681435
12.287561772550164
11.105617460494091
14.668027123139632
15.18735960256407
11.826448330914364
10.48242309400369
14.613877319110978
12.360296648438151
12.55771982944045
14.981990442138288
12.99236364552491
13.963297580212092
14.40520864573001
14.756024920712077
10.317286527698025
14.147785297214106
16.39064275627419
17.702417327446604
14.322427268927338
11.209674478082711
12.634568813796927
13.481353990157933
15.263390075115751
13.514327507707899
12.846520216697051
12.530962715872775
22.380592661550207
12.917142067947013
12.17924859891872
12.185557516891791
15.566198659661328
12.28100428517275
12.463746729652797
12.997710487146964
13.981687081860501
12.838417425028892
13.460087338234844
14.312669227906166
12.79088994563886
12.851126996865187
13.852469192641209
15.002103958332809
15.105284299936127
12.023037079107645
11.7752894211909
13.364893104823981
10.906099436479431
11.975372009287144
15.159594645681896
12.80394980646695
13.599112112841729
11.926167808173682
9.672954368181406
11.409182609204068
12.112714822310357
17.554503435353247
12.808787916965539
13.177840046929928
14.310457938782259
11.132670917325395
13.335997052134582
17.173001102754984
15.579169581522267
10.403927682852204
11.408309783848901
14.800773838730436
11.138391941286294
14.687547783039669
12.79082296753935
15.337596245379505
14.436887456956839
17.11474348410763
12.986410947319307
13.086152225210228
12.899315066654193
12.782996167913332
17.4493948053331
12.654246766994447
13.694121053463011
16.890604005489937
12.996967052899143
13.879216766768998
15.951723544005409
12.091290659860906
15.265322726025428
14.90997355134755
14.650873635685038
11.563857889735553
18.651246925619887
13.00445869362793
11.349691295625753
13.345346627034308
13.676935222974441
12.873554902797313
14.880730852693903
10.559493335425763
16.351296981861072
14.737696123968686
14.322254425757848
16.069625790466638
15.982704081682186
11.112835623527626
10.63624276788662
16.79730071823223
13.916476103177251
14.705399087878305
11.650166285276548
12.320926287149396
13.8219148236107
12.527927036208975
14.07207469608038
13.408939971927214
10.792602004602907
12.230099157300062
13.228756579819786
13.770109362338172
13.864801233060275
15.20575140758857
14.350261218319144
12.800384177286727
14.090641840151077
10.168824981123986
14.0951372676549
11.764278348746087
11.827853151456763
11.433905331253303
11.860898143266725
13.52979777531919
12.257264853055888
11.904449426019625
10.324690867777043
12.242452141032828
12.211892466155508
10.574679594709133
10.60664539135541
12.65309699419132
12.405687705170688
12.319757381345685
20.976638495562476
12.5374017508787
13.185167170484464
14.665131265628643
11.520865288971521
11.48853231882771
13.328554985655279
12.404414460119396
17.827337561775522
11.856752997008368
12.28122417645017
13.188445977544351
13.090874720207228
11.920563943461081
13.026217904435669
12.625354382673276
11.599945038740492
13.244920363626292
11.804481674177833
13.484922245717543
13.151534650948374
13.462167465835268
13.569561997988247
12.353587729496104
11.803694949957729
12.718368690657655
13.983300746114047
13.0018167427744
12.321992189876486
12.354873513746167
15.91487269474369
12.676155205033623
11.224268924194288
13.801318985024437
13.976959139521304
13.331634721455186
12.075873205930701
11.885633121606311
13.98586503872208
12.788857730576051
18.67814210848983
11.834568294707662
14.709129679412394
13.094394887236362
10.537355883629633
12.289731063668597
13.007412603675585
11.717929856217058
11.43446540701468
13.920236454467016
13.360689066778914
13.82671100796716
11.659182921486671
20.48240722173525
13.349254644983857
13.044911987779292
13.021319743349771
13.641719124757396
14.387808801468084
14.515999733619406
11.921760285740609
10.717972707649588
13.55106486215774
13.603459320292563
11.14948662138052
19.029514103166147
12.360699940803961
11.631554125844394
14.287336072943663
11.98329149884772
19.52725275934343
12.280888381592328
14.468351141055422
14.718053074728212
16.21230045819219
10.6083049538311
15.187800845703684
14.255827777459057
14.396693312877892
13.191710110239413
12.762677064243396
14.020193164165413
11.759416027312179
14.46612678236241
16.84275704133917
14.06366176796939
15.136195660136108
11.869156585994066
12.37031304137539
11.120533497838014
14.020376903562827
12.117773823080586
10.193478724985273
13.40103788724232
13.534983753363484
14.620158076353098
12.629668439241733
11.998883746115306
14.03651794283286
11.426439197470211
16.896601390813128
12.786894638727794
16.086856583736584
13.803650940490638
13.579901422364609
13.525186402875619
11.87887457178325
11.25125738146669
12.34922701259889
17.958592715889193
13.08058404065736
16.641147203096136
12.879219519187767
13.819880296413642
12.665818594216704
11.270431508689876
13.261596952146448
14.464796481997665
15.926544723748718
13.174367355123504
14.285816622550964
12.593133832131434
12.05313060218082
13.995347523653967
15.892206983207133
13.83134123149622
14.313590511927432
13.303845328104813
17.025327315894287
12.458920358641425
12.977300789180866
14.214701097010824
12.050315918692554
16.1935886623798
14.541139713064085
13.591496586687484
16.183492910724357
12.423415880191335
14.407914363203751
11.86067817659064
12.904163715213098
14.431538471547059
13.635608551497175
12.569252014604148
12.124713345004835
13.107815009623279
12.479056073395506
13.183376690434699
14.756311936509531
12.022975304880651
11.656018872723624
12.676451717949021
16.894914227499594
12.824575075980519
11.040060544528579
12.375048090753392
15.97031714813488
12.144125488413819
13.48744487344827
13.820683394787318
14.551536209896032
14.871353359204624
16.476283932098497
12.501879486872737
11.935167854756344
12.06972224008664
14.18447525044262
12.587064932691245
10.930356189165405
15.502206880659195
15.766837973106874
11.978279343664074
12.75685375914769
10.392224707182628
11.306597629474703
13.37957617052249
12.114515734674157
13.222999692949632
13.4646849292904
13.466515486338464
11.862893630626042
12.164625358320231
13.727030923510013
11.226582376662618
13.596044857674677
12.520878956041484
12.589934367268595
9.918789866013407
11.204692926790567
16.043598664057118
10.942931463236755
11.128894541317116
13.38187628335961
13.520516828812289
13.992626443846937
11.672324674690623
13.853449065297369
14.31999598099046
13.326158429143009
10.547318540538017
12.742026992385986
11.510130025471177
14.998751520901031
14.1440077681621
18.951003814925123
12.609260124514243
13.163233469230702
13.271634570448404
13.966932088126175
12.147555575359608
11.82248250578265
13.105847777497843
13.477235958229638
15.621106205056781
12.731135749268548
12.468695925760935
14.852711228297338
16.19535849831534
12.2678550682085
13.246922744966342
14.300424551955349
10.473605686805277
13.48593642968046
13.912748680326972
13.317273533628155
12.41590057666916
13.17914307444534
13.482422848006305
10.10637114733376
13.511817136615976
13.499699904937945
13.967897743457106
13.707592097740706
13.266412180003991
13.722220169756184
12.320482234099634
16.15260772432844
12.034755235425699
14.611401887758646
12.094265641987164
12.106909328745271
12.000745978250318
15.482943157968304
11.706156528250673
13.806013115215912
13.550721610507557
16.46921362697563
14.011105211385534
14.520455770385242
10.502834110572428
12.415516477677134
12.845952958547457
12.403315977019844
14.070324987059616
13.394990506721218
13.085948093851835
18.45268279055561
13.243609368454688
13.525156707780814
12.739560230259249
12.4171637845621
12.384055062090845
11.198312463678276
20.246271921415808
11.206152927876506
13.300096592520328
13.764319082144711
12.753359658687863
11.889072859876945
14.08195175898917
14.26319054562903
11.567875792351026
13.80434658248277
13.070820926374525
12.251438435750329
14.494840213165936
11.792161830081033
13.353396905464871
12.650582282231557
14.999938120877163
13.182691969972488
12.86565428678401
11.398289540017513
11.60042633468872
13.297286885357037
11.768119883844111
12.801119977949922
12.833033880599494
12.235699630171759
13.69654791699746
12.162967627314384
14.999776369161799
12.686414020861356
12.753204207789937
14.010400002166204
13.388507050243303
14.50406428916318
12.082356308090144
11.658986948227307
13.142267776618004
14.471465005891492
10.002453672023034
14.072035727336685
16.141615299393088
12.35720477504513
15.424417003617032
11.139225996203567
13.012855505164094
15.104368028740987
13.13470977907194
13.447479694773381
12.731279298192664
12.843097494372868
12.159279750839943
12.242650661045701
16.52662815277568
11.423183066360664
10.924735854997685
14.803121741751967
12.413759088804051
12.34137499033454
16.076871555034998
11.822701024773599
12.540393090909985
13.42670844894089
13.70303596751894
14.535026815250234
9.648525372888924
13.430054374057026
12.396971158985302
10.646564901489867
14.945284328571438
16.15567844634173
16.23477965492682
13.812075623657277
13.216239736548543
12.483887955297146
12.431982184462942
13.29741179511095
12.807282867483798
13.637642436555831
14.986492259734266
10.87697857564558
13.385799918817153
16.79311715121928
16.520397881864067
12.393347561847907
11.240727022310558
12.754379448389123
13.297399069447046
11.65202420065928
15.49203406392599
13.427240788592112
13.929439967065205
12.356821320917561
15.362246222370562
13.458375171029695
13.630770968920604
16.722421768843244
10.868529476243946
13.746363284024287
15.15336639157982
12.49619988031845
13.38932071938433
11.961012988470657
13.141635290941409
11.921646923741514
12.54863935743381
12.606132612809116
17.073584247596795
12.657705661777927
15.538409484811304
14.219081270978458
12.062221185405024
13.053016333921722
14.803883240557761
11.837584397671245
13.08305133734713
12.372527829460225
14.35099962484761
10.84422714904566
12.245999484132483
11.660027002563135
13.40526534346189
13.759935574095213
11.684031173845012
12.342845657450765
11.326875720368347
13.098297616754287
12.144237358070633
11.459107740182835
11.078575125541864
13.570834026419586
12.20908984356818
11.191385661004336
10.971424196075617
13.136939897991285
12.979404973323735
10.870868403595672
15.651337869715173
10.780314126562436
16.5469731423364
12.934846396276203
13.608443689643318
14.307625675503509
12.439317502578024
12.017323729602685
11.914304765850435
15.014688571096116
14.107756633967508
14.186537447764588
14.234031336727783
11.529073962738842
11.180014270739068
20.553403745774034
14.115388248736304
17.785386229657018
13.26493256745869
11.914474546860916
13.936321936267943
13.371812924086713
12.641186034755412
13.813712460009024
13.951344091827432
11.204106171522458
13.060786712904651
15.167679860069507
14.189039116419687
13.984611586274292
16.111740424707975
14.157030956303094
11.385913008604293
11.643675754376988
12.171244071746205
13.951256223083861
12.069160734731161
15.072243978538811
15.831438675982476
13.33593919682169
15.529592334450845
11.395740769827638
10.953930116455265
13.877271649274936
17.099746319597628
14.737495813761848
10.433328088114221
17.853368550601797
19.49003308375914
16.310239505450305
12.51763729865357
15.568370675769534
14.419030247485075
17.069896922887413
14.726231042023166
12.31763349719285
14.75322978785826
14.801745217613693
12.959550263565662
11.116189835529203
17.324941720990296
16.01479970941557
12.860942611154629
10.74133357199974
10.971842776213343
11.214245512827182
12.47828735239532
14.432855116374089
12.012475191927761
12.577517331843728
10.756758714171236
12.584793018096109
12.211276693490516
12.313198941421227
13.345997649078548
12.306426410159812
12.453159825231916
11.62419904361005
13.488177371874821
14.30771423233757
11.995736255653387
15.082931091616153
12.459892659889643
11.779556546230024
10.53339238425967
9.890566348472435
13.607886719524535
13.736380161719651
13.184910910224021
11.508545539326906
13.831837466550745
12.472407434788197
13.37682836804699
15.890761719133225
11.954658482097717
12.65641769136805
13.89763402769125
12.867225703259503
14.031328830455573
12.2259918655034
13.926759154512128
10.318299294784012
11.54761032457942
15.62315527266808
11.25877524416743
10.975188484817652
12.10545840457292
12.517417675785046
13.32504434997766
14.841538996272707
12.075599381722084
11.58636306438205
11.41990203136459
10.614487523956875
13.331615262731447
14.513074071820334
12.343043005810161
13.361107328850798
12.393352913741843
13.117450407363437
11.022453500726922
11.157636533690667
13.045293640342944
11.678862668397073
15.323020502105061
17.381078745609532
10.324405776861152
13.445190615460696
13.873503857206003
15.268660042899683
17.432328754990465
12.802715066452546
12.780229098134654
13.649022152616306
13.57374727996532
13.081184864159225
11.403579769170854
11.598658077650583
14.032042428987996
13.672439236619466
15.044893459438326
12.538423117440727
14.105741234071525
14.02693980789739
12.818282516225644
13.289566367255734
13.979487951119635
13.510775809264082
12.308678102639211
12.48112353093095
12.805506030574026
14.589375027181969
11.65537241587436
13.479067087628215
12.058041540212038
15.833734136006406
13.16996309807768
13.391665665970335
14.414728368666118
12.315139250346688
13.01681155601511
13.833721540591196
11.99041928434423
15.033107635565855
11.881149024448037
10.554941196008501
14.481492429544256
13.922577489435062
14.146701907102514
15.10502666404063
12.426411591038821
13.617097557205724
12.74554679116974
12.670988336890089
12.329831584954874
13.042265051158086
13.349700935513349
10.680145255578003
14.086260771010524
13.55424106835424
12.922786040268369
13.485274911716623
12.516136017290508
13.173190059465838
12.975026915643141
13.051919507797464
16.6737401879562
13.74531675935036
12.67540142907049
13.515262612785516
12.589054540404305
11.696521709472306
10.78716208037514
13.90250059851086
14.034077374234059
12.430826408599906
12.872674219530495
12.376285298970458
11.34669435206104
17.671750804976753
12.601994685150759
14.761120795772626
12.637966309834605
10.872394772180932
11.490902435361756
11.683831149726013
14.345061454356276
13.555345342366593
13.93014301109413
13.221154519463797
14.620303358375663
13.975679285135787
14.240409388550296
16.354161556038974
13.778244876304141
12.308968931159118
13.097277421125192
11.780064439291566
10.570032349810562
10.700880451854182
13.641625117794458
12.868404929433204
10.716352664379087
13.082927004723137
11.125391860915862
13.982963383522089
10.806638254011048
11.334371499278761
19.368892935788878
12.769133794674257
12.253415186979188
10.516983632513574
12.476326981044254
11.42322860723979
11.721486458768375
12.882274657993069
15.754181117789772
11.907771422568237
13.656972334153878
12.959181655982807
16.677564498038837
12.801659245542506
15.451504677057477
12.7591347379874
11.98126583076056
14.377073913698293
16.068096826143723
11.331040091081915
14.855805366427251
14.330930997403982
14.198628741492213
12.783765462489649
14.904970506369375
16.741454207380524
13.520047473281414
14.769216005344298
12.330174420654117
14.626786209875265
12.519112616584408
13.025815315490513
17.18846086593808
10.785900642296482
12.917910557078832
13.387609028119936
12.635132974800792
13.484779962346412
11.923786155018577
12.166331561582519
12.156005132519882
12.45200511959372
11.730804841609277
13.696344714564196
11.093126677569686
12.894854582414402
16.03887962500517
13.329516931695427
12.264751966616275
14.191842229833242
13.280950149121747
13.567970953274383
11.676474195013606
11.620344204396202
14.004562752499838
11.842172625674024
12.130601494678212
12.31842200920414
12.464997793524272
14.580118328722929
11.609180676207252
11.294362570985166
14.394901489101262
13.073798066639693
12.768200646227276
13.26290050854269
15.882397940176377
14.55521750695965
17.054701066596856
15.610211130205549
16.446783382540428
11.346945545618702
12.463532692663652
15.378197293660328
12.432750007101824
12.035597769510364
12.248313432043034
10.408791158140556
15.734878102426288
11.729792719573625
12.335454177227454
12.074014881312163
19.65560266072544
14.061737459860046
14.777975079000147
15.548799608212118
13.23108499466071
12.595812723457223
13.182574618996917
11.325352125553271
13.628384210432934
10.95017275993841
12.091782925929872
14.572988241639221
14.879132519747497
11.589190789550779
12.4954963836998
15.536004953640965
13.061370284782257
16.19534419488213
10.743359868512474
18.758984976748273
12.036938470840976
12.683292636278011
11.907277228245231
13.302390712633573
13.620805353837929
10.673565935318546
12.10312087843321
12.019739848533982
11.865671247109136
15.387014135680042
14.10700844095565
10.10539697428576
12.316840609201243
14.007168859452467
12.476595815966089
13.90359464030411
13.441229672754696
12.318759578188653
14.631853600236234
14.22378451120971
12.927220716619216
11.859271576541243
18.71156329352634
13.257491260011344
15.511366846339243
12.9333789405929
12.653377365994684
14.29161971349913
15.24478412974638
13.345532572483604
14.790070619331686
13.170627835376838
13.911691681661885
12.503359390841878
14.122162700176737
13.908116456500254
10.940595306987472
13.372489157714893
13.180693052294657
15.223266507057286
11.563791433910744
12.873853033993571
11.539256027720487
14.070830716662888
13.011919432277397
12.031960660398715
16.52961376134337
12.28915110377085
13.835248125251136
15.769693423816369
22.066855766340222
12.464012130092808
11.897514146364971
17.05033382292977
10.409304459312324
11.757189303444317
13.817291277096619
13.587926343992738
12.872735136235022
16.683731760087962
12.40337481715742
13.250884453019381
11.10714078146915
12.389481139134876
12.791702424281793
14.309044446209029
16.448424650797705
14.423035110509208
12.886120880136652
12.657112500134836
13.726917115274688
13.824444485481141
11.70296297585348
11.48269314599569
12.567959926261926
14.03456923420681
13.526251410603386
12.443899977634608
17.68406693767375
12.086462667685614
16.013571381655744
17.59099152441234
14.064760020990722
12.865179291996334
12.745606547607654
11.26621470484635
13.24235753670495
12.404069300780714
13.645585982799101
12.749537189928102
14.969772784650345
14.376085282364485
14.95481806881105
12.482851803775326
13.113439845840725
13.650681755839253
18.59504633416152
17.009675285304922
12.164167425814188
13.253991753134036
15.389986045737166
12.047816546194868
19.054842054180245
15.026489344698222
13.33132170430753
12.645481261273542
11.483190730852598
14.331592164585864
12.596101678845681
13.515743248869915
14.584704066324706
11.979204211005971
15.376417749662338
12.900843330034585
12.223259647240369
15.042913121115845
12.940752768291603
10.6898651211184
17.174057939331366
13.707070736387346
13.172010779104008
12.416742755970214
12.199562186525936
13.940525375428114
14.370759131997774
12.449087571379433
15.497059449391251
11.656603880817855
13.86856399871026
13.68913590699564
14.694424510486977
14.684398979942108
12.916142913261519
11.821510627074845
12.690486236962224
13.752646293604029
12.925649946445985
12.650763304837993
11.969356652262057
12.378111006885355
16.410693213937286
15.989291590705319
12.820963372497415
11.707382186861931
12.381980027928417
12.323095043668516
15.034966238996592
12.372111806320449
11.770095014684138
11.563109871124826
10.9883772573322
12.193480845390232
12.583452930606917
14.46429333470305
12.308298668378386
13.396040235537875
13.848429221341188
12.601975439875567
14.502672079248086
14.286427221417998
12.37537644887995
12.470484743833147
12.614967847404806
12.712199349875485
12.256536577805445
13.256173098956388
14.770839821558232
10.351604222806213
12.816516725988151
12.893181922748305
13.480642068176213
13.423115967709876
11.383148639213488
12.389902361646236
13.029083459050142
13.31506066297084
11.88712364786709
14.635841140112323
13.524959034251777
13.169580168112613
11.968717209511603
12.331886643867065
10.933513472616514
10.95976032546065
12.379897638488892
13.61847421704449
14.268622037376431
12.529900217582925
12.530105944206943
14.239504018716161
15.451188822197464
16.440127462054487
13.378302429568771
13.042546579508766
13.507133865267603
12.202621859857027
11.957257155250067
13.354918610477961
11.925599075346977
15.309395145684498
11.99920041984344
13.543829627554658
14.204231086886399
12.297897905758028
14.05855588227882
12.860039868666494
12.524167264601356
12.751026399138743
15.337588815528257
10.195079839137344
14.544331881127752
12.09413308298676
16.502860728672097
13.674686647016548
13.24717423506113
15.588800655312632
13.002231802445236
11.119191659269344
11.938298532931906
13.278699323260847
13.817283141112727
19.833701418321038
11.420005308555481
12.527460308466567
18.15474986769293
12.008311304863296
16.160038764072823
12.052402288471997
11.4040738631062
14.85192630498726
12.730217377363887
12.536768838306216
13.6679732396496
12.46415715675757
12.973368688913713
11.876845979920319
12.606275174986264
13.968220941898206
10.232504119776296
13.715927928743582
12.489882354353954
12.75950608172648
13.390454410344045
15.145115527570239
12.781673288603736
13.691255399401866
14.13532150464209
12.51767011721567
15.175131628120484
12.958650866177845
10.894855612062138
11.779074675944882
13.440192835131164
12.498665055942078
14.637656957630512
13.650822939651295
12.477654055620452
13.273694504007493
17.118700744611623
14.706553580764451
11.64278640029887
11.777048252438085
14.385134151413837
13.118841326506814
13.980933923216654
11.850585580354856
12.483728068750805
10.590847763069418
12.211607353625325
14.744658448938946
15.11017242020873
12.047195435509819
12.768691213621631
13.006943936372288
14.332949351885492
13.461470714796395
12.152353356705268
12.124077330878071
14.717463867823842
13.448392893231137
12.17119534870183
12.005698118918104
17.004837620503743
13.30128467090769
11.16949277383237
12.80832520447262
11.409384017053075
11.595351821479452
12.497622142062088
11.552713849938218
12.235929941911145
11.421884880880022
14.639150086508511
11.439523797061728
12.449978706431112
12.862612944472577
10.726894695113852
12.855289983036197
11.782898512912613
14.124630629817426
12.67335453341589
12.86019450306527
12.46903697550747
12.956830702130631
12.950314353529961
14.894359839633383
15.188996201555913
12.806898566689473
16.527630205439127
12.576922884178966
13.76483673293844
13.920981798202625
12.33493253077582
10.203240084865145
13.354010868429537
13.59548900695712
12.433741434516559
14.907661270577284
12.751585179492675
12.348632716616173
12.626605788040582
14.56380684191442
11.236625692385525
17.47303584387544
13.168276230362434
12.403996339429513
12.038686264478489
11.718652619283912
14.117837372220496
13.451582287014947
13.27996139575205
11.804757547840806
12.937833762261237
13.21008690074821
15.081953428344935
11.617001899919583
12.979097526445086
10.913936396345887
14.875912522555481
10.670349751394538
15.477721154760378
14.058088104060483
13.087945694414941
14.1985426926218
12.970058242348845
12.907721808849344
13.921524130573454
11.704920554482513
12.175327324566124
16.704810817602727
14.547771287753752
16.208091486624205
14.363325363505115
13.291003171500003
10.344930202064754
11.766159091765232
13.752427437149052
13.0425157948216
12.73232569295379
11.725130352876883
10.942906038996089
13.38482351191799
12.913880010220074
13.551786857199795
12.209241357427505
17.04145061022609
15.59577690257899
12.605272695072335
12.340779052600272
12.06394276835993
13.040913245953664
14.932707431589101
12.838180731358504
12.360698846628871
11.813814440146494
12.600295211400946
13.508922269978926
17.64780506216638
15.57534524229334
13.082709786586177
13.503563819298098
12.112323898116614
13.165398465943937
12.301836249829037
14.953574178158917
12.29323803950769
14.54366419217576
16.051195458102224
11.773582876651057
15.24356824985484
13.57343827946345
12.620583705141184
17.25674310537442
13.227735087972482
15.029313476808683
17.401761738452727
14.111320301192055
13.133185817149547
14.634668137228855
12.508900811707507
12.115122373094236
12.829996752357987
14.158440551887137
14.502294879698994
13.114740535040994
16.298645566522158
12.341826315592671
13.773357675899815
12.67311567911315
11.53791573130112
13.92932815304037
13.087824023241398
12.27923120839371
13.493327813174997
13.734793557525473
15.774461774396814
13.015183604487799
16.88083012322004
11.861039149543606
14.783526023353744
14.474782403255624
11.505459686317398
13.60408912057931
13.764268477852838
10.786996198343648
15.937863002112708
13.533202663792437
12.410051092898792
12.157807082638579
11.517385045089732
10.526899114302793
11.69772851566198
14.668692260087195
13.834732420839238
15.794168314655057
12.70505909435661
15.75107438267856
12.006457690229704
13.810264839831856
11.901140958547575
12.531142526638952
14.214741558513445
11.667701156876173
12.792453162424732
12.777796511319506
10.535902848304229
16.854953855087885
15.384176099051885
16.19534215218176
10.542149657948809
14.015281957049744
10.484775369978129
14.423992178981358
15.257075181052443
14.356196173755512
13.958890753525282
12.961176497748157
14.67031611606867
18.05171004922805
11.34521937536837
13.725940613400745
12.939588281763516
15.43916237536165
15.66059150246388
15.089842209358117
15.22078530753695
13.082929027736974
11.487063217013173
11.547364844490026
17.234469771594032
12.198882154346908
12.708063289460128
10.83334442220466
10.360547997771993
13.186137867292592
13.506889174432994
13.489766866819405
15.540699106238879
12.231907206926314
11.971019352779248
12.626494957394003
13.019755305834925
12.140991934644024
13.600857318700216
15.350469594185455
14.625707550613711
15.49700047786654
14.98501934200522
13.502555023346378
13.012008118173936
12.331960748044457
13.462190682796944
13.460007993143202
12.750089269715684
15.182466406156603
18.03206392802948
13.522245555140467
15.169652832388216
13.469293661112042
13.388553056303728
12.442581946693211
11.51623709740596
14.59813522667162
10.641039036619972
12.901325897698989
14.870203385858174
12.830070080801542
14.200940142049419
12.02506494840561
11.58748753749191
15.200469528292905
14.887706953981148
14.246720284928056
11.830492275819788
13.85269158350922
13.857680929720532
11.51350133834276
12.021068862186164
11.155329977646687
13.594546027116424
11.721114012152118
15.999022406516646
12.698073025325836
13.722848174566181
12.420690841400551
12.068828652855391
14.566786328843067
13.25364094931475
13.937854803476897
15.941627656555116
12.277599501665206
14.52147445174852
11.485437134440765
13.085212216441203
11.262900772481187
11.646660462403524
14.061661890179945
17.588500496579734
14.065999004478343
13.098419057334564
13.869676050400905
14.072185748656352
15.842872225457722
11.835228547683807
12.127120812572148
12.191554105305363
15.149551113880383
13.834120892593424
13.603443598934518
13.476982791043461
11.727136521472353
16.198710212040417
13.992831450864754
15.115123598866074
12.119458239412019
15.644537491795822
12.702714443392278
14.542937846345417
13.169948741243434
13.894180216277967
11.727153953584885
12.869747730488191
10.630820823767447
13.235659098367437
14.147664682242155
12.163321876050398
10.270128396272305
12.076096857290246
13.667686963655516
15.84817978334714
13.421337318785673
12.75841391299883
12.689297037636559
15.433325156278372
13.082374849279443
12.867834936010013
11.223716409871324
11.890901268798466
14.222025007391892
12.61556358894013
14.448957717476812
12.274291100517486
13.635351599806388
13.762659681486747
12.73919679858571
13.02872270137184
13.537599168341934
11.432539322722413
12.71491088079487
12.887602691457438
11.301847123176405
16.31158700330883
15.327853538668435
16.83336364625466
11.538516118329957
13.29554964301462
11.626894769075108
13.314045112795046
12.82208742128709
10.65824728144517
13.605667522305664
15.691073790690444
11.366183295917173
11.98052335104258
11.202390695911433
14.206386600596437
11.918882628377673
12.192750210530148
11.990076865622703
12.795928684792596
14.097420304815174
12.155701314554115
13.3534559549361
13.239486541416266
15.918857414122781
15.756079569706273
10.961950405545902
11.750623532677356
12.839571396085558
11.253698318144018
13.207439622228936
12.70582175050619
12.092778874727198
13.84868013264218
11.342016627199477
15.10906069693706
12.148528683004786
13.848931200523587
12.912734048801504
14.748648485267665
12.207743912497607
14.111340895629688
12.702936712233072
12.830511122485717
14.716004692671838
13.715506267040963
13.486122508514427
13.449077785351339
11.41413209444907
11.151286140855468
13.318408290760903
14.490210428510775
14.10312887747055
11.04995714383065
12.186957587007733
20.551184609331873
14.110994846545712
11.56394152550359
18.13156564924617
11.795837222346766
10.478482962561124
10.82300443274668
12.922734863936288
12.180579523066836
11.920245363658418
11.48489636861537
15.081720415646284
11.80280960365453
12.579954505688109
11.80304595715529
12.536163637514932
10.982959089747885
11.519516080181841
12.91960564376104
12.173701637673188
14.146997246730873
14.387955349647136
12.559202224966315
13.95790898432562
15.259201054092708
12.320509005231793
17.767162201293377
12.110531940388018
14.571721758852288
12.39164420197676
23.045060589363633
12.568214048408318
11.866061149060188
13.867218756630667
11.367011870386644
15.027776866520757
13.795036317003731
16.854221136778097
17.155402157429435
10.81119444124211
12.943224432983593
14.287111579660882
16.322138136620474
11.759981001218277
10.989247085521718
9.955074095312128
18.739782728878186
14.093695073180616
12.272221103662698
20.480251467957068
12.989046074968439
15.18716461154876
12.231602691674693
13.299153709881733
11.527206249172322
13.777037294484114
11.827884273086998
11.89456124786621
14.565567854944067
11.656471945183752
11.014674071557739
16.35838669329831
11.913603470649674
14.111796683919295
12.97334986202382
13.007711195114164
14.503243705945124
11.67606506143986
12.622703820940936
12.039073364855858
12.118025619058944
12.028020864413314
13.261101530061177
14.090409183165049
13.630403729421726
11.649901639529084
14.84970505944155
22.42279371015548
14.358666801162038
12.595727590707709
15.498408489087867
12.535064111743093
13.591343802949954
14.023882124058437
13.767618986249586
13.740849129478626
14.796474783656377
11.277558846241469
13.770930743783241
10.757869948413722
12.724764481393288
11.857050049054134
15.147962213857154
12.81877154907255
12.475938851222693
19.149142021889503
11.766553968605656
14.320760427510647
12.679348312881007
13.145228277021385
12.23400097622147
12.960200404701272
16.04757488481126
13.430162751111514
12.917005407534713
12.983084617387531
11.686233116577299
13.051244156867343
17.724525663680435
15.598938264897104
12.505052984446545
12.551410147635984
11.129569534882062
14.980073201618556
12.418797324205862
11.742170788378418
14.93714527046443
13.089779180059239
10.874780777038417
11.512488110343119
13.50111129459023
16.41254184202301
15.07272595890053
12.018262003999405
15.252872146677165
11.486580210642142
11.438249401358835
13.605407177357542
12.526522910998663
11.061097480573327
17.188507633393677
12.998937398198384
13.517230983060946
13.254087801210831
15.328531621926489
11.870853920783325
11.705420344837293
12.119464066285657
11.501167209031692
12.966637218019665
15.295477890981218
13.163376321799452
13.608226448037225
12.284657709311638
10.499947216508124
14.289467416216251
13.027228796956802
12.193221075434332
11.61384181465266
12.527346595311535
11.79340426216384
13.661727434464302
12.444026324654335
13.12180643689513
11.494867622656272
16.735763673480534
14.619261242441137
12.38995816422147
14.671842597668425
15.151430350163903
11.900332292288077
13.052457591518237
11.225274638376654
14.474749495658022
17.91255034174467
13.849663311403315
11.946208209286866
11.19673532953096
12.132894019394255
12.66505626114831
12.35056207776519
13.37384727230533
11.43588038455304
11.769104112809838
13.911159389306984
11.13618516673952
13.304308234523315
13.4978767502994
14.795838397443731
14.182312577732201
15.704807636773044
10.910905900011173
13.271189171620822
12.855982182688034
15.89758457079947
14.098800178581836
14.03996712045557
11.799532802435929
16.154405517732265
10.683968185396811
12.62638421952057
14.093417890601575
15.154071333546387
13.463884304977654
12.37522601380011
10.624718654111973
14.921314442304244
11.728731694301084
14.911549715103288
10.894811183679158
13.333522819715352
12.16266021574645
13.45448326213775
16.132424269028434
13.484308039645507
12.573798982325535
11.90787195795123
12.185063836524003
14.28340976712845
15.132364220052846
13.709206514680272
13.230759157364112
11.713393795854902
13.853832153574025
14.47501227463946
14.00632104663359
13.632993507854447
11.469892018955873
12.837304368286613
13.21134093357427
12.392569120387284
11.23628725524678
12.072819697878355
11.39353437685417
14.370913431720119
10.404506169570034
11.596700890018722
13.481315898694652
15.573683289578721
13.531222997956773
15.535663574837097
10.491523869870331
13.268785640903673
15.978994473308544
13.837167432311826
11.379529428878987
13.019822862430429
13.859965153511245
13.622646023134479
15.187691435968278
14.385922256547623
12.500880498140798
13.806188091478004
12.8030318908598
11.86579210168125
14.370216130749249
13.242227702336717
14.432830656527722
13.090277684328397
12.578269702683471
11.582041531096982
14.268933631666766
12.680734824469297
12.055173461159274
16.15482105445718
11.489697612079016
13.121991876411233
10.625012579791687
12.662060385236181
11.997448861241882
11.943597679379753
13.340133115519146
13.936541878236165
14.698402448675429
13.292811630247138
13.575786397502547
12.778461195276686
10.72809188375211
12.417015599836759
10.834410711928818
11.30507868333791
15.19206616679047
13.532783993850504
13.995457302304093
15.002558110698056
12.58044831014857
15.176654255868874
11.303825526922957
12.153937376603047
12.35607273855317
15.591188029354328
10.97465748493105
13.671345224023407
14.96124277133379
11.845813103677749
14.55939570980273
18.64040867252334
13.284684516788259
13.143269456559699
12.78527179555708
12.130499536529918
12.397157455607136
12.903777097039848
17.13807324690383
12.31940600019153
13.189702730524882
13.670144436422014
15.657120735857111
13.051739078502788
13.89517317441761
14.032393450338317
11.827936805245935
15.47410428373067
17.30843680557491
11.564324886152374
11.553555384615152
14.006883274343021
11.995343950585179
14.647929010687125
14.461009421812054
13.327022332376918
11.244475967271224
14.237891996295971
19.120824691297692
12.56190341361549
10.887628816082332
11.210529713165286
12.360926041648904
11.763005463460464
15.261844151720686
13.089159799256482
13.832812867759934
10.905077013935765
13.305232195643358
13.753588732786028
13.624748621291115
13.02058840166828
13.470961602097487
14.662353738038776
16.17889075688331
15.42738781829555
14.865501734170106
15.281221715562992
13.307852615416683
14.800954140446251
14.57072210694852
14.913872321944206
12.231674475872449
15.221258312361414
14.122323207803237
14.324710597503499
12.520223883054282
12.66678237079834
12.176241574567527
11.771789378721277
12.283869955586828
13.341302841585678
12.880310191666215
13.469772662344168
12.727245567988454
15.11943060569461
14.823405997112147
13.784306196097159
10.893440921426293
11.694590644440904
14.200632871180805
14.593990192395697
12.820830325019957
13.613734790494629
15.055272189460622
13.310565930965893
13.704992102323688
13.205312019413059
12.82548496954552
12.224016235756263
13.869003897590856
11.972784437907094
14.463380570596094
13.132148860164422
12.991424792551594
12.707801573918081
12.799417475246303
12.214702773217985
16.312189456670815
14.893714274398954
11.667199994306317
12.373170066238965
12.375160909421117
13.385895613398581
16.466075942057795
12.518335863628538
12.020668385841303
12.439462934915113
13.2832579016603
11.331821074160214
13.380502923317056
13.216890803618401
13.15166883259746
13.608827453586995
12.666469821271054
13.292635191152382
13.587120570113356
11.413680301498918
14.719339095110408
12.989645874445017
12.476276483403812
11.415182250196768
11.401686340795893
15.542878174720338
11.455332459372839
14.8012226124765
13.42697703380041
13.223039708627295
14.464470161416074
16.622122372834166
11.102537033998953
12.693729728132842
13.395944378194491
12.218489385906723
12.531725297582877
14.944105489448964
13.150722189345784
15.378146198507189
10.670542568786267
13.39456876361414
11.464973775161745
12.872117914339274
13.26869149042721
12.14517473089724
13.152542246245487
12.133351837340513
14.05139400085588
13.023067299561642
13.045612259090936
11.551395774767581
15.210068931789039
11.957383769736158
11.181240486247265
11.728411145508375
9.82193431818421
13.581731681798018
11.551611786532415
11.226400936300768
16.179272202575945
14.053421901229207
12.151957823336886
11.137844160079624
13.047773395095883
15.607982858167393
13.62811360781119
13.681107181953415
11.256455937693756
20.068353936242225
11.724260063385032
15.246159626626875
12.43881480722563
13.937775040528718
12.008526840886162
12.646053591101325
17.88434613323999
11.56410747016515
12.894610788128212
13.29257380494247
15.224403813699725
12.229930803161729
11.598562732627732
12.616312317437549
10.981211183335182
13.056739160297074
13.376232475648683
13.260001539178507
15.241548850628227
12.968449310393348
15.386404674913434
17.573151692364064
11.358271823272178
12.639469658481412
13.8169640019531
10.288455031932992
12.695340715930731
9.8409443521814
13.370875529073222
13.418179897969202
14.231420464952556
14.805496082497331
13.027966433967187
13.318033359105748
10.813703091060713
11.795452761219364
12.953149835234527
10.865289886255178
12.938345583189175
13.263321907242647
13.19167337779471
15.538514334614698
14.011518719512699
12.592857443924784
11.328978050094435
12.226310438514886
14.320927100796995
15.906843611811615
11.92884171277127
13.897187451389371
13.148591750917353
12.927178468197429
12.80966780447547
13.488387396557478
13.066137088966158
13.887199082796744
11.916827694998071
11.372809002120869
13.655673676164422
15.137707444212815
13.475157517436463
13.204054970760806
14.303893263667929
10.661343968811153
12.691525976907858
11.314820177312718
11.893292907792256
13.741025167332818
11.895331155316127
13.082226304353641
13.397979378796574
12.219788149537088
15.216276413801136
11.491667631371632
13.809310727693852
11.795311386233616
15.511486253024907
13.550639826368663
14.866682613842354
12.67782863850466
15.843222097323249
14.799139153507017
12.89043382638657
11.149501603995319
11.390295722938285
11.412343017822309
10.24941639403659
14.82028598300894
12.142091521579506
12.751711520062079
11.910431161859279
15.769023671871201
14.873875629543862
15.159158548649037
15.448691310653128
12.908896547441985
13.573363817172291
12.171375942194908
12.271316122044448
12.315038609579236
14.442003616732809
14.909807256643308
12.126071039186348
11.434299311001507
12.570678495005028
14.011584771332476
13.913057863957908
11.515156567040114
11.501759296653718
11.439383263973625
14.155068463183476
13.333244511904756
12.644867908425084
13.17392339638339
16.32980829584313
14.358584399173736
15.685265190239395
11.562984712348754
13.600677696971122
12.95524674318784
12.88759948576546
12.822661107387836
15.158595503224586
14.460583541180144
13.122178125080078
15.175517325671857
12.644456215158542
14.486866348703982
12.882637673922781
13.557617283578761
12.728522456863843
12.592348198542652
13.509544299220265
11.905246709228487
10.003506087743208
13.261776805428605
12.455644902197514
13.12297797842081
12.522110026270804
13.053908387140712
12.58526182438679
15.539002912312192
14.960151129793491
13.299526721429865
13.3238798962546
12.594519896623913
10.817498050065044
13.82115339758459
12.430652737073839
11.209808854892568
11.59093144067003
19.180247662866325
15.721062887943072
16.038673509657045
13.195610136085989
14.952332433145074
18.1916768478508
12.55596516675201
11.16670813443775
13.057006680731178
15.500103623600266
12.149115969782933
12.920648751095305
11.49237280630113
11.712240451638248
11.640165829612751
14.066468604583799
10.910724396040699
14.995793016507166
13.721274994886773
11.586959807723945
12.754349780058327
13.17015723848468
14.164198171038732
14.052889450877558
15.690143911404654
16.304342468990143
12.500769659227352
13.692086998300422
10.506610154451597
13.909973051957142
9.849496892654763
12.366172841425866
13.358094336994148
15.27145656162445
13.755502145117054
11.96056084138587
12.68357391350254
11.782548471851111
12.580729224709593
11.726183591048272
12.149633797950692
13.30674939282088
12.20356677886229
12.520861450078067
13.511121760417254
12.423433361831359
14.512581598737306
12.451989781114095
12.103231574717775
12.733936349025639
13.004338689120111
13.637784125584393
11.967129746084552
13.127692127929787
11.259769780238035
12.74663864861304
9.56410528401919
16.585551850972447
13.236156640012949
13.238046608741337
13.307009339075002
11.897747880419224
14.527207142185476
14.301576146923598
11.738758326634997
14.150996106221942
13.767417689871218
16.603535873818224
14.217274929660013
15.006371012140987
13.243561365353834
12.245101612655548
13.52978687437503
14.718946420653854
15.826980211638558
10.814741243509676
12.412804212972524
11.429437359931583
13.71800072903154
12.423403251133333
11.051975525349299
16.872318023270147
13.829302662273518
14.898077658768779
13.795766477010652
13.939591694199343
10.689978466630608
13.148154825945426
12.003454917039116
16.235480166904406
12.053389572258721
10.873695377446566
13.269792059571897
12.906915792120323
11.998933870235541
12.056723661037111
12.144087692860912
11.786218506322305
12.336680849280649
12.529472522663697
12.154788117345163
12.418726805682287
13.39952931395528
13.31610667284979
12.267917467094815
15.065913011353782
12.118990435498398
15.442234112824982
12.90215816912432
11.341040651003484
14.595600607540142
12.408100920808476
13.291695564341078
14.223211830486255
17.58714075026391
12.921850181858241
13.841886403050813
12.585740429704613
13.311573412227126
11.717354775016757
13.11939166325862
12.73140998897893
12.705155708565226
13.427858046709131
13.177286530344773
11.885551247194446
15.891087649634272
14.966287727406428
11.632433622202267
12.837491735722192
13.057833272592223
12.013786372618968
12.486008349193982
12.910378192003094
10.700051214802382
12.5941065262043
18.20894069798383
12.007295482113047
14.015124511042588
14.249457544287079
12.810629122760366
14.273848878267867
15.66539873353767
14.929406547536242
15.754334364485796
16.70554852587869
13.01996526929079
10.799802830359365
12.240959861455224
12.125479585730137
11.40274979789755
15.146953684739168
16.073402248352526
11.621229226435176
11.328348925177936
15.330041665130734
13.584708296207662
12.259585669961382
12.722778122896687
12.695198931801013
15.119373559384991
14.241313729758566
13.247146869499964
13.129559740465718
14.704674078304556
13.305441222791183
14.577812442736398
13.846310459814552
14.502598252964525
15.592877591876311
12.160740095260737
16.941508802570848
13.075391482936757
11.688636122037904
16.697562493901035
15.945849522916806
11.41137866243859
10.418535706310566
12.302929321539024
13.074734781572364
13.694707599508977
12.00866838077108
12.421851611067892
10.766265508215243
11.017953504077548
13.94678429486739
11.953551361270602
12.092140234586907
11.255178986207703
11.830834156977897
14.496467892435
13.96919577674766
14.372284338948239
12.912806023947338
12.468639357656755
12.122029208852585
12.68676014155374
13.997282931895612
11.413674649118912
11.481868347736835
11.545704691113528
14.788195977695556
12.984526691869327
12.899797299909448
15.67318906280479
12.387749946304842
14.045522066277574
11.069394816008732
11.93527071699098
13.59061962924841
13.062675265664751
12.95419368727809
15.541176433634632
12.870403143612874
13.274544671292135
11.815834983711277
16.998923296003298
13.646886042917526
13.003849620767836
13.748313391750456
13.257895508607541
11.718106499215152
12.775855570431801
14.128340138084827
11.439226778671484
11.330125827806675
14.085409762220491
13.149712490860267
14.333793359740692
13.477969815019959
15.117831191059445
15.357218198944057
13.663752094424481
13.196771044767878
15.053390104730772
11.883523824957647
21.123484441386076
12.567282196776317
13.130491685473523
13.122024674534238
12.827812301556232
12.207125394062931
14.068874431971853
13.61946703004063
11.147512658068194
12.38733724618886
11.89932229073407
11.225813045928454
12.90657440445565
12.556156893780527
13.313985912034475
14.17828411693045
15.08703140949933
14.892057583474468
11.486041125768349
13.810232039477912
13.673684397795821
12.96233884554419
14.557629247771713
16.267578544871547
13.610762758319785
12.032380479130923
14.651208823721198
13.514138950458857
12.289330055086692
14.371292469138073
16.23190380134094
12.553867519237015
12.646204771106163
13.473174134256746
13.83698356719359
12.13353094854485
12.897196901284929
12.701679975697537
13.567484476595158
12.686402673689717
13.072422660784763
15.957991646599849
11.950420400907646
12.724514287132148
16.38555414902783
15.440193289682183
11.8676969006064
13.41794975717027
12.876698153446311
10.951739138344642
17.49600067507467
12.995963061337743
14.498621575942519
13.829324327006121
12.355009641097316
13.802163010846652
13.644284295584916
15.353555837853268
12.700551715106881
12.66026067684733
11.525450914632405
12.322681977339217
12.000049581242386
13.629597031332755
12.195311313890217
14.717286874964616
11.119276554236649
12.63108266851593
13.010220793995858
21.16239316518116
13.302432897038589
13.725099403388384
16.465843119587845
11.82864411926666
13.623151080792278
12.500146761595602
13.696204182322411
16.647773137136674
11.719915112269415
11.77032741737482
12.367240684296524
13.020793842896005
14.07656941409307
14.94336561305695
14.277345416133016
12.35548760780401
11.53847695498701
12.313294288768557
12.081780575927016
12.14176617653125
14.785101811508099
13.18611891543045
12.583639318182286
12.867985528642155
12.097140240223062
16.03379250029203
12.09410978142401
13.162893203879937
13.86676595892366
14.865394409276123
12.732375670495738
13.169029266557846
14.64421241086464
14.2402262454439
15.895737678593834
11.572662142847815
11.00653478953199
12.51882455622153
22.984969475826176
11.875967652474428
13.985415640471455
10.987199018964251
18.20473234399617
21.629278992626002
14.497604818390426
13.950147916549337
15.510421071644817
15.265549076310815
12.615166872326906
14.638032278455773
12.651445760793667
11.693556622928837
12.575435678032804
12.187965937968588
12.499201480585292
14.548787511110056
11.433009153110309
14.427526344207827
15.826249768870063
12.208684167378564
13.375440342241797
12.476306884621923
13.432319904263778
13.006129628313609
14.824812456306223
13.860373195905218
13.099313684899176
11.445823126750945
13.14893308164589
15.837500461601667
13.196398167401307
13.535211048032075
12.565618321040674
14.109596140338807
14.047714977337526
13.330776313392976
14.010290518994532
11.415880638531805
10.77690786640586
11.904461910053467
14.472019654192323
11.943156132868985
12.849243137795204
12.660639761472552
16.068892456285354
12.496072522701716
12.500241086963397
13.775661411596394
13.294950372672979
12.312906488714537
15.66040991231372
13.723486893819175
10.652409291533226
11.060898172385285
13.668220077079619
13.66719952360008
11.46443820284992
13.4284087773371
10.5748554244664
12.981209557114958
15.17350845066632
13.114289908174687
11.650874223581964
11.23228878509942
13.675777168952267
13.810070208190524
19.403720750189407
10.66879644040159
15.838183559252531
11.507672968379985
12.731342605437314
13.48466618518159
11.627377996339096
15.010770478093841
13.88338825830008
12.702894615670829
13.81892061544915
11.946373071521123
11.84888459406218
13.042870910409224
12.17680450174202
12.72044587532285
10.00826592723493
15.72711557506528
11.965750088668344
11.25339368211881
12.205626274522668
12.696559161758191
11.743585942083357
14.308500212196414
12.951204210372447
11.116821083440966
12.278424041046359
12.724156294210466
13.272898925142915
16.897891541491077
14.963116349015337
12.930880656456605
12.333520552186679
14.199781139317093
13.121094850623324
12.887841252149995
11.756824342930393
13.555046934197062
12.729703579651359
14.80379383632981
12.722366602081278
14.765874286399283
12.551298022841848
12.661608334295684
11.388215354973646
14.181406645977422
14.735910366442731
11.972528363015629
16.20306940378534
11.756737940762903
13.615566183405768
12.859916419359221
12.881631730930994
11.762518129295701
12.280872011194392
12.446011168671106
14.184413349000508
12.284415484715938
12.888817548735485
14.523875212886283
11.144357660520036
14.71476122330159
13.179455692324161
13.012126536769712
15.534202104648635
13.57983588063837
12.421211807444376
14.198561720142049
12.577790128862114
13.106378616637603
12.094093237028709
12.622830180217413
12.959926849628072
12.848846656181022
13.247248913709667
14.932074912841957
11.691366663064487
14.334653555343193
12.429102957960392
11.805903258695421
18.225015907288903
14.847076591559793
15.460692070624555
14.161461594708792
11.03117558081437
15.305820544990452
10.758696576929582
12.832568642742867
13.632083690507768
12.600455690360281
14.281410733019847
13.52807113900441
13.687085669253346
13.632087586013974
11.836632752707501
15.846009385599903
14.732253170223434
14.083650232954724
13.94839166134391
12.700662960383067
10.85636858335986
13.795603358855512
13.677855833371636
13.473856778043148
11.090368310106117
13.85195244675305
12.672675568526452
11.062360141260328
12.538241902563579
12.737917281220705
13.657878894817228
12.132674747735608
13.256619712974377
14.599995117477656
15.367039372937079
15.28101342121909
14.686028382827201
12.203252127073554
14.741708085116645
16.160236074350614
15.039062528873284
17.87711351548434
13.574077900287646
13.301747290779138
12.313786206807295
13.184332877387615
12.720251642732123
12.92212408200654
11.17163825819523
13.948471975804718
15.989909882843664
14.85434136708374
11.346466186666012
13.948829500494984
12.977360340106152
11.930625613164485
12.012558193796213
14.218281450390524
14.990112135961018
12.072141531638625
12.111966365056924
10.888886376701585
15.458427093903625
12.932606715352485
13.307666072263741
15.20676200203672
16.62905616691922
12.893518519535274
17.48317604456377
14.766100312999296
12.861086579435092
10.96325880697728
15.030134947294679
14.778489926127408
17.722992482132064
12.840685891431145
11.75957039701579
12.84882616980913
13.614315225839986
11.372388449655217
12.605879169884421
11.788226499616695
13.008380919048225
12.814263420767825
10.9137880272778
12.437179614285323
14.572054180879942
16.303240892890198
13.530922653889633
12.565801859192337
12.133628546351476
14.396291755325716
14.09460573849988
17.782744960545852
12.58379788267765
14.132310089273803
13.64824884382476
15.680379837535352
14.103605853238022
14.690103324367891
12.708474523427189
13.68531191876675
15.636762411603733
13.186145632993183
11.323566251098633
12.206552521150924
12.140142430155235
13.9400732301445
11.957216950489082
10.503958349371342
11.023882967354755
12.299048069667288
14.999115575945128
14.217060026084761
11.771513831152847
13.767588905276703
15.141462923520214
12.769673294539242
12.876262697252763
12.281198614112428
12.399277262358344
13.52048814858501
17.056008974243014
12.825389942289064
14.213509611491668
11.286954917744549
16.335899027058776
12.54333019821215
13.825243376388281
10.371273834765722
12.080874660834832
13.304078748361611
11.44485647643844
12.105038854724611
13.413888237641766
14.63267970013376
12.631596075986167
11.935219921757845
12.523716258966875
12.050674291451816
12.337206364257979
10.377665632157798
13.40893988828878
10.949283506896775
11.354808679154246
11.823770167481097
15.261180945749853
11.245400976426646
12.279909727702476
14.13823137085726
13.172421360542026
13.497525475390663
12.539843432797376
12.372356318738237
12.299046567969441
14.509067879298076
13.389490027035471
11.217792991172484
11.39743970579311
13.34431247923931
14.04518440797736
12.339827883100527
12.812970812808825
12.544854293486157
12.39764772021371
12.329244454249132
13.070044108573073
11.41719588288464
15.744288467147843
11.32222340547759
14.199513005166915
12.962638367851268
13.89075918401321
12.260028714379441
12.295655436112654
15.24807039074167
15.231383135250523
15.031800683693122
15.657611158882087
11.870271052523963
10.412828044446956
13.842391770677033
13.02894027628174
13.807950877278484
14.795089633573097
13.619968367100697
14.503364899667126
14.14507521937573
11.826640868047907
14.226462373158723
11.181711739828764
13.658196383656081
12.485397008174843
11.47944657705697
14.077929710301119
12.14388363806643
13.004412522110007
13.14365545538883
15.214175642328108
14.113393001225253
13.722896809121929
16.81933342884845
11.682947310484666
11.960947492861349
13.009474306543158
16.804083305239715
14.351664392340949
13.822216926127801
12.106626036617852
14.251238269810532
12.55137760067542
12.068548596146936
17.57533907048068
12.85863482951789
13.216748334715723
14.894140418609338
15.776651744120288
13.284130458778606
14.752392191942402
12.274371184074521
12.502651824811364
14.30437060806197
12.329543748715906
14.103605694045
11.544798176408031
12.782667134720349
13.067355973533324
12.543565220877179
14.653269992148108
13.922961462937616
11.3481000214701
12.722284871072079
10.939029579815418
10.900618212182223
11.613560720794517
13.819075004497503
17.48363478402594
13.638412696191711
14.448584010301973
10.731581400778152
15.527447706594794
17.382303950405678
13.372660152619183
14.720178978856971
13.385812606637531
13.11671017809963
12.472470222957936
15.290544880169547
12.14079715323253
15.582839139637281
14.766297410895056
13.861437453609307
13.777710002774851
13.09904219376725
10.95759068855188
12.729079781497562
13.897965060745475
13.443369429372577
13.028917110890417
12.521354911678277
15.003221947923025
11.983715016520442
11.960203111459204
13.850113391245655
12.003021819244198
11.933213749130154
14.438298984490837
14.71440960409998
12.739936148707601
19.2453864057693
16.32456127172081
13.155753202319644
13.007773742433724
12.053220130788374
12.402556366016574
10.784825149066185
15.229563612567127
12.569439017025239
11.005823791047872
20.277425778518094
15.445534717668682
14.86752945143967
12.27638089593077
13.984489438719791
14.928249573541144
13.379999801756062
13.34843981472623
12.634671972319042
11.895108369546863
12.414516180036218
10.698227887082169
17.675391638043916
12.402244415420713
16.6034233367242
12.79049069134535
15.39977923438956
15.087159693324558
15.558282912382555
13.585574741216849
13.478563368225135
11.857934571969295
12.600117583260518
11.57685898892673
10.995631831458363
15.365120693744327
13.451661440886872
14.04316116569688
12.291115867909207
13.76959358748547
14.356930998501637
13.400424433719515
12.590250804411536
13.387497927313191
14.626747414535304
12.992537474417652
10.847614404170917
14.29409687904618
14.18579330620749
12.308888657305426
11.796579378452874
11.174815775723815
10.57484118957007
14.293430443905265
13.429900656291387
12.755162504761685
13.527017793670806
11.696752671899413
11.649823798826445
12.417499124100736
13.767410789164263
11.95269095069218
12.649515629999772
14.05884901894057
12.533095690096292
13.022500437289372
13.896445220905772
12.165428646924992
13.130070157704735
12.483056462978649
10.954353789325996
11.830828658166906
14.004638744164595
12.376305871974537
11.43159854272327
11.343714581592447
11.985550042969011
12.586373888666854
16.9864990972748
14.513959178924022
13.00121577498673
12.551439168357893
14.998914386771734
13.033630583424234
16.429781483489982
13.748498810818946
13.183407392456935
10.838728045339447
13.020248763514278
17.694699657179722
10.837826569252512
11.872618013929602
11.768103026189591
11.992103937945362
12.520798679020313
13.786443991565998
11.221557449182752
15.617726961072659
10.952684117347403
12.71748076015684
9.41226940276152
11.588359507844945
12.694214501404586
11.420995475274951
12.680252495143117
11.286407191441285
10.944836820031387
14.98065811664907
16.301982640391106
11.326891491827327
15.084739775664314
13.415508122092277
13.202338656075176
12.269234434775758
20.148036034043482
14.615505928069684
12.681153579927095
15.900171930615192
12.424827531139217
15.522723946152968
13.63223309929348
11.35814120282644
15.184648326524465
10.471851951662456
12.853665786981805
10.36649834588368
12.195906208530113
12.585477357127939
12.986775576768602
12.191720845620123
10.936988141354984
14.41483611379715
12.983633919286444
12.045350555842084
14.680462627977676
12.272615193627185
12.607734879976466
11.07339289835219
13.36628564994987
13.878978420073562
13.795917189698267
13.591995479426469
11.66411430184094
11.33667467034243
12.675994502955636
15.533413477898733
13.834951872187384
13.154977242740893
12.275913018226783
13.297877582640474
12.17893172267378
14.323212758908959
13.272964075838862
13.48319877618361
14.338783386758033
13.872868765179438
12.218625516187242
13.714512847633202
14.125617512558623
12.92554038574933
12.31136241433994
13.72159624815006
12.743501923198938
12.871951519323181
12.414225711016217
12.61505461965506
13.60435388253623
14.609673284457818
12.570368681309278
15.043958992547578
14.949807298282435
12.095862247199669
12.361505140360173
16.442218932985476
16.855379297874357
12.594379815512058
13.645757104895093
12.014383685558773
11.512681065327916
14.474952814233514
13.282664635838621
13.29020089207684
11.52312172598795
11.286369011668206
12.278906772298939
13.31974700465138
13.026703430166242
20.47614573451716
13.670712339673651
11.513410605111359
15.617703496174842
12.933770918336732
12.577543950285003
15.170229166951334
15.536226024679388
12.424543605425619
13.161395448776073
13.063237402553378
13.24643387460345
12.052442278475276
14.977277790978688
11.746140675507963
12.401920982492939
12.395329429845475
13.674584577321976
14.012389287818376
14.11666129181245
12.252567848078865
12.438687597867482
13.417114068169107
11.662664222499934
12.556238937450189
12.646507099800058
11.432416058813697
14.392151896666636
15.573470322458514
13.801327227609693
14.353834695197165
10.976195111697486
12.588204769988776
11.572013675639852
12.379678097945915
14.452978849577324
12.576264388726104
13.251522247076048
12.91103540916339
12.256339606239699
13.411783503426674
13.470566439737103
12.720749180313074
13.690461037281045
12.898555525864333
14.064580647060392
14.37548280040565
11.56599689958538
12.953278472699457
15.717319303226738
11.98138785745503
12.413159978079944
13.724609281892729
13.67272994187187
11.468887166258291
12.056456928210604
13.27202232006276
12.045997227500335
13.399392147574552
16.905166765436608
12.927203530791935
16.606306093983896
13.280746530817357
15.058212436064982
15.018425133332372
13.451810520151968
12.247816745830852
10.940196605916208
14.693077576101123
11.91313960653177
11.884843481786756
15.668180084306274
11.74226328797553
11.44031988798413
12.822848844587707
14.254177727871232
12.122150788429312
12.252769875390642
10.689282448785773
14.454384363478816
15.901589146795335
14.699730989263267
11.027990891596318
16.364732527034636
13.423773977999588
12.625151624612718
12.693287966781467
13.917230777569548
15.431607262343942
11.083464866401421
11.708309649121865
13.615083311497216
13.370734787188375
13.078824609857403
13.775176440643202
16.51757491844776
16.1298330524598
13.680405242407877
12.857723278117774
12.820508882455956
13.110306724003754
17.82509468844686
13.70780996341923
12.774614666307684
13.586447450589962
12.003737414380147
13.224946738284618
12.345509539466109
12.421989634476848
11.997053869019414
13.801722879198271
12.684421981699822
10.884771916316412
13.298825491836832
14.246182675305432
12.200822573602338
11.171886934541993
13.518919986839519
11.653638287885181
13.971079452820415
10.73273096607516
12.408502908981223
11.385894036843899
14.803440856029551
13.549278707708972
14.355657848734433
11.566738990187222
13.289079201612857
11.30292828916084
12.45050534262964
11.333742532920665
12.58364812950239
12.498403778557854
13.902759522337
12.734088762233768
11.076856437123585
12.6792203081629
13.527283791809733
14.379469831694747
11.433745943641501
13.884500287766262
12.88428577916184
12.715040142447886
11.997234008191866
11.80560123655435
12.87746095335487
15.406322892567482
12.464941799244814
11.373492006866108
11.990552150681285
11.82263757358828
14.667491762852947
14.631932406709387
22.056191682323544
14.38270775719177
14.089885798199543
10.627843573134362
12.980067198433535
13.358480343576542
13.081871002023991
12.647102129920103
11.76233409816247
12.048906657612552
14.094189040621881
13.645700279462755
14.11222828396906
12.158563166956066
12.42675159589615
17.436001649879383
13.690164520721508
12.040882555037458
12.805325328976053
12.923410668031988
14.620717157516854
12.68282118525176
12.51437453574363
11.78683827363351
11.402900244481248
10.772743616634123
12.671798717854609
15.854765958083984
12.013917355898684
16.066277178024624
17.61746476545413
14.039267988859056
10.44591881601415
13.040569140311378
14.071162864945872
11.541538434369025
16.79002341871058
12.08394562911188
13.344098263465373
12.752460406050046
12.030008880778732
11.042432771228217
12.67034760912604
14.541203663757663
11.065808849509619
16.44929556990022
14.408847902976907
16.139947783107907
15.695579155764257
13.808264566083084
14.702839584500573
12.084634869472495
14.17658557316328
17.088253214571875
14.300413708172801
13.977083340864551
12.186793777895051
11.738182649497578
12.430596275666451
19.68738545374616
14.82538058086451
14.576901742965877
15.42542671053757
12.743180585039509
17.29276863221815
15.358283605618851
17.77097521528126
14.724850128720929
11.64368721625957
15.206017760960826
12.23944934401357
10.973685060829006
16.33193638286961
10.949618120488044
15.358214703722984
11.523289551200515
15.418460853547456
14.908969020632401
14.6290393245855
13.192837611807674
12.229194756840894
12.051138493591665
12.492195677980883
13.745977332420143
12.834070945250083
11.938808892591533
12.527448063322431
16.333417221916097
11.601807943341065
11.479617562430677
16.364189299218765
14.53713432315129
14.922189225101437
13.454167525664582
12.484987127703146
13.459740877206606
12.79735243031915
13.53043031734026
17.49059955137817
12.57860422691545
15.560858809756876
14.946542186077169
13.172540098033743
13.167482839512429
12.637375391082216
12.824043296702687
10.264108397314327
12.262693635200176
12.629681222115147
13.779469359466248
10.979625623391216
11.302002050306319
11.973226927491993
13.865602879251748
18.10158770116176
12.189544209600303
18.980742860260555
13.599451906559832
14.223901549996185
14.244850665627572
12.385915040098649
13.450483163846364
13.417248864780339
14.515766462077758
12.808377556391866
11.727056490027097
11.533733149525421
14.081971527687337
14.133360866394145
12.22046098283483
11.552705625831958
9.945487891107385
12.170470477403763
12.62684763713024
17.401356461017148
17.367958001448
12.38061092285916
13.806620848074399
16.20702539066396
15.18733728419068
12.959882209340662
11.934161374204853
13.317750750072992
15.019494269904413
11.945781629577349
12.34825273798924
12.74898523157342
13.83930658408999
13.806937389230084
16.496061212750725
11.732735791600307
10.988928485900674
11.557639718860731
13.013070179254157
11.852511361652898
12.891511340437987
12.213719247934156
11.573034551232157
11.183841010975033
11.384775720044571
15.157708177591548
17.09357461009669
12.18303786194983
13.872678769443258
11.72581795776292
12.793515662938747
14.119014923825192
12.295169310184685
12.778988463609757
11.88785687992016
13.145785659818475
12.831869726326556
16.31719572127211
12.025477956894466
12.416694834986448
12.116553186013073
13.610120114578732
10.314888066993
12.40241918618758
14.355089093341638
12.437067450264594
15.388620798955131
12.874629344420951
13.258221893568189
10.898620535936649
14.155972465440314
12.201966589221325
13.819102594349197
13.365075023783518
12.08621016512993
10.841086991252443
15.03937898621839
15.401031603964356
10.86940445999524
11.319133786297456
16.582164562530686
10.778795063782525
13.764208619314774
12.560690446855022
13.873523192105063
11.927112530252035
15.195530751959575
13.162493710381533
14.413633188166108
12.106348544250935
13.208819850741719
11.797979426880179
12.053202454166346
13.394949662863267
11.940393730391403
15.269553533092672
11.565441957334263
14.982525717510136
13.980411013871903
15.03583253848782
12.528602925976493
13.18944079201861
13.665097937439823
11.432710085500306
13.229477082778256
10.953925736809008
13.865298138997414
11.049242313189703
12.756628663898239
13.47982292218162
13.147014757983882
13.815085691761578
13.902893895691033
14.66422193613454
12.107165924883882
13.550773094069289
13.072983194422811
14.532233642594457
10.54576683510826
13.184382359935105
13.332933919728378
11.261789777854911
10.906306723561933
13.156533927028574
12.950518938386777
18.322401516573215
15.117445109635094
11.977289273579315
13.290961509172833
13.220776220375217
12.072518035265256
12.023178869630117
11.94085953801473
11.999990481259605
